    -9.80000      0.00000
    -9.40000      0.25000
    -9.00000      0.00000
    -8.60000      0.25000
    -8.20000      0.25000
    -7.80000      0.00000
    -7.40000      0.75000
    -7.00000      0.75000
    -6.60000      3.00000
    -6.20000      6.75000
    -5.80000     14.75000
    -5.40000     18.00000
    -5.00000     27.25000
    -4.60000     41.25000
    -4.20000     58.75000
    -3.80000     81.00000
    -3.40000     83.00000
    -3.00000    107.75000
    -2.60000    125.25000
    -2.20000    150.25000
    -1.80000    161.75000
    -1.40000    164.50000
    -1.00000    165.50000
    -0.60000    152.25000
    -0.20000    149.50000
     0.20000    153.00000
     0.60000    154.75000
     1.00000    174.00000
     1.40000    168.25000
     1.80000    158.75000
     2.20000    147.25000
     2.60000    126.50000
     3.00000    103.25000
     3.40000     91.50000
     3.80000     76.00000
     4.20000     57.00000
     4.60000     41.75000
     5.00000     29.75000
     5.40000     19.00000
     5.80000     11.00000
     6.20000      8.75000
     6.60000      3.00000
     7.00000      2.75000
     7.40000      0.25000
     7.80000      0.00000
     8.20000      0.25000
     8.60000      0.00000
     9.00000      0.00000
     9.40000      0.00000
     9.80000      0.00000
 after hadron evolution
    -9.80000      0.00000
    -9.40000      0.00000
    -9.00000      0.00000
    -8.60000      0.25000
    -8.20000      0.50000
    -7.80000      0.00000
    -7.40000      0.50000
    -7.00000      1.00000
    -6.60000      2.50000
    -6.20000      9.00000
    -5.80000     16.75000
    -5.40000     23.75000
    -5.00000     38.00000
    -4.60000     58.50000
    -4.20000     90.75000
    -3.80000    123.50000
    -3.40000    139.00000
    -3.00000    168.75000
    -2.60000    199.50000
    -2.20000    222.00000
    -1.80000    249.75000
    -1.40000    270.50000
    -1.00000    268.00000
    -0.60000    265.00000
    -0.20000    266.25000
     0.20000    274.25000
     0.60000    251.00000
     1.00000    278.00000
     1.40000    263.75000
     1.80000    237.25000
     2.20000    224.25000
     2.60000    199.50000
     3.00000    169.00000
     3.40000    134.50000
     3.80000    107.75000
     4.20000     90.50000
     4.60000     59.75000
     5.00000     42.25000
     5.40000     27.25000
     5.80000     13.50000
     6.20000     10.75000
     6.60000      2.25000
     7.00000      2.50000
     7.40000      0.75000
     7.80000      0.00000
     8.20000      0.00000
     8.60000      0.25000
     9.00000      0.00000
     9.40000      0.00000
     9.80000      0.00000
