 after hadron evolution
     0.02500    141.04306
     0.07500    128.11525
     0.12500    108.06276
     0.17500     94.97849
     0.22500     91.80830
     0.27500     61.17448
     0.32500     75.68900
     0.37500     50.55257
     0.42500     51.25468
     0.47500     34.80979
     0.52500     28.48672
     0.57500     23.36601
     0.62500     17.01323
     0.67500     20.54649
     0.72500     19.64618
     0.77500     14.13204
     0.82500     16.62754
     0.87500      8.01317
     0.92500      6.30473
     0.97500      4.09756
     1.02500      7.87323
     1.07500      7.02092
     1.12500      2.47546
     1.17500      4.77619
     1.22500      2.30491
     1.27500      1.12834
     1.32500      1.65267
     1.37500      1.61079
     1.47500      2.01466
     1.52500      1.47148
     1.57500      0.48892
     1.67500      0.91873
     1.72500      0.90415
     1.77500      0.43976
     1.82500      0.43456
     1.92500      0.83157
     2.12500      0.37771
