    -9.80000      0.00000
    -9.40000      0.00000
    -9.00000      0.00000
    -8.60000      0.00000
    -8.20000      0.00000
    -7.80000      0.00000
    -7.40000      0.00000
    -7.00000      0.25000
    -6.60000      0.25000
    -6.20000      1.00000
    -5.80000      5.25000
    -5.40000      7.25000
    -5.00000     11.50000
    -4.60000     14.25000
    -4.20000     26.25000
    -3.80000     40.00000
    -3.40000     41.50000
    -3.00000     55.25000
    -2.60000     64.50000
    -2.20000     76.50000
    -1.80000     91.00000
    -1.40000     97.50000
    -1.00000     93.50000
    -0.60000     83.75000
    -0.20000     81.50000
     0.20000     81.50000
     0.60000     85.75000
     1.00000     98.00000
     1.40000     95.00000
     1.80000     87.50000
     2.20000     74.50000
     2.60000     62.75000
     3.00000     54.00000
     3.40000     40.75000
     3.80000     34.75000
     4.20000     23.50000
     4.60000     17.50000
     5.00000     12.50000
     5.40000      8.25000
     5.80000      4.25000
     6.20000      2.50000
     6.60000      0.75000
     7.00000      0.00000
     7.40000      0.00000
     7.80000      0.00000
     8.20000      0.00000
     8.60000      0.00000
     9.00000      0.00000
     9.40000      0.00000
     9.80000      0.00000
 after hadron evolution
    -9.80000      0.00000
    -9.40000      0.00000
    -9.00000      0.00000
    -8.60000      0.00000
    -8.20000      0.00000
    -7.80000      0.00000
    -7.40000      0.00000
    -7.00000      0.25000
    -6.60000      0.25000
    -6.20000      1.25000
    -5.80000      9.25000
    -5.40000     17.00000
    -5.00000     24.25000
    -4.60000     43.25000
    -4.20000     66.50000
    -3.80000     89.00000
    -3.40000    110.25000
    -3.00000    130.50000
    -2.60000    148.75000
    -2.20000    167.75000
    -1.80000    198.75000
    -1.40000    224.00000
    -1.00000    228.00000
    -0.60000    231.75000
    -0.20000    252.25000
     0.20000    246.50000
     0.60000    227.75000
     1.00000    248.00000
     1.40000    209.00000
     1.80000    189.25000
     2.20000    163.50000
     2.60000    162.00000
     3.00000    123.50000
     3.40000    104.50000
     3.80000     83.25000
     4.20000     64.00000
     4.60000     45.50000
     5.00000     28.25000
     5.40000     15.75000
     5.80000      7.50000
     6.20000      4.00000
     6.60000      1.00000
     7.00000      0.00000
     7.40000      0.00000
     7.80000      0.00000
     8.20000      0.00000
     8.60000      0.00000
     9.00000      0.00000
     9.40000      0.00000
     9.80000      0.00000
