    -9.80000      0.00000
    -9.40000      0.00000
    -9.00000      0.00000
    -8.60000      0.00000
    -8.20000      0.00000
    -7.80000      0.00000
    -7.40000      0.00000
    -7.00000      0.00000
    -6.60000      0.00000
    -6.20000      0.00000
    -5.80000      0.75000
    -5.40000      0.25000
    -5.00000      1.00000
    -4.60000      2.50000
    -4.20000      4.25000
    -3.80000      8.50000
    -3.40000     10.25000
    -3.00000     14.00000
    -2.60000     17.25000
    -2.20000     22.25000
    -1.80000     28.50000
    -1.40000     29.50000
    -1.00000     38.25000
    -0.60000     33.25000
    -0.20000     36.75000
     0.20000     36.50000
     0.60000     34.75000
     1.00000     37.50000
     1.40000     32.25000
     1.80000     32.00000
     2.20000     21.50000
     2.60000     19.50000
     3.00000     15.00000
     3.40000     11.00000
     3.80000      7.00000
     4.20000      5.50000
     4.60000      3.00000
     5.00000      1.50000
     5.40000      0.50000
     5.80000      0.00000
     6.20000      0.00000
     6.60000      0.00000
     7.00000      0.00000
     7.40000      0.00000
     7.80000      0.00000
     8.20000      0.00000
     8.60000      0.00000
     9.00000      0.00000
     9.40000      0.00000
     9.80000      0.00000
 after hadron evolution
    -9.80000      0.00000
    -9.40000      0.00000
    -9.00000      0.00000
    -8.60000      0.00000
    -8.20000      0.00000
    -7.80000      0.00000
    -7.40000      0.00000
    -7.00000      0.00000
    -6.60000      0.00000
    -6.20000      0.00000
    -5.80000      0.50000
    -5.40000      0.50000
    -5.00000      0.75000
    -4.60000      2.25000
    -4.20000      5.25000
    -3.80000      7.50000
    -3.40000     15.25000
    -3.00000     17.25000
    -2.60000     22.25000
    -2.20000     26.00000
    -1.80000     36.25000
    -1.40000     38.00000
    -1.00000     44.25000
    -0.60000     44.75000
    -0.20000     42.75000
     0.20000     44.25000
     0.60000     40.00000
     1.00000     42.00000
     1.40000     34.50000
     1.80000     35.50000
     2.20000     26.00000
     2.60000     24.75000
     3.00000     18.75000
     3.40000      9.00000
     3.80000      9.50000
     4.20000      5.25000
     4.60000      3.00000
     5.00000      0.50000
     5.40000      0.50000
     5.80000      0.00000
     6.20000      0.00000
     6.60000      0.00000
     7.00000      0.00000
     7.40000      0.00000
     7.80000      0.00000
     8.20000      0.00000
     8.60000      0.00000
     9.00000      0.00000
     9.40000      0.00000
     9.80000      0.00000
