    -9.80000      0.00000
    -9.40000      0.00000
    -9.00000      0.00000
    -8.60000      0.00000
    -8.20000      0.00000
    -7.80000      0.00000
    -7.40000      0.00000
    -7.00000      0.00000
    -6.60000      0.00000
    -6.20000      0.00000
    -5.80000      2.00000
    -5.40000      7.00000
    -5.00000     22.50000
    -4.60000     30.00000
    -4.20000     47.50000
    -3.80000     52.75000
    -3.40000     53.25000
    -3.00000     47.75000
    -2.60000     46.00000
    -2.20000     28.00000
    -1.80000     31.50000
    -1.40000     26.75000
    -1.00000     34.25000
    -0.60000     23.50000
    -0.20000     21.50000
     0.20000     21.00000
     0.60000     22.50000
     1.00000     20.50000
     1.40000     21.75000
     1.80000     34.75000
     2.20000     25.00000
     2.60000     35.25000
     3.00000     42.50000
     3.40000     52.50000
     3.80000     49.25000
     4.20000     48.25000
     4.60000     31.25000
     5.00000     26.00000
     5.40000     10.50000
     5.80000      0.75000
     6.20000      0.25000
     6.60000      0.00000
     7.00000      0.00000
     7.40000      0.00000
     7.80000      0.00000
     8.20000      0.00000
     8.60000      0.00000
     9.00000      0.00000
     9.40000      0.00000
     9.80000      0.00000
 after hadron evolution
    -9.80000      0.00000
    -9.40000      0.00000
    -9.00000      0.00000
    -8.60000      0.00000
    -8.20000      0.00000
    -7.80000      0.00000
    -7.40000      0.00000
    -7.00000      0.00000
    -6.60000      0.00000
    -6.20000      0.00000
    -5.80000      2.00000
    -5.40000      7.25000
    -5.00000     23.50000
    -4.60000     30.00000
    -4.20000     48.50000
    -3.80000     50.50000
    -3.40000     53.00000
    -3.00000     47.50000
    -2.60000     46.50000
    -2.20000     29.00000
    -1.80000     30.75000
    -1.40000     27.50000
    -1.00000     37.25000
    -0.60000     18.75000
    -0.20000     25.25000
     0.20000     16.75000
     0.60000     21.75000
     1.00000     24.75000
     1.40000     20.25000
     1.80000     33.50000
     2.20000     25.00000
     2.60000     35.75000
     3.00000     44.25000
     3.40000     50.50000
     3.80000     50.25000
     4.20000     47.00000
     4.60000     32.00000
     5.00000     26.00000
     5.40000     10.00000
     5.80000      1.00000
     6.20000      0.25000
     6.60000      0.00000
     7.00000      0.00000
     7.40000      0.00000
     7.80000      0.00000
     8.20000      0.00000
     8.60000      0.00000
     9.00000      0.00000
     9.40000      0.00000
     9.80000      0.00000
