    -9.80000      0.00000
    -9.40000      0.00000
    -9.00000      0.00000
    -8.60000      0.00000
    -8.20000      0.00000
    -7.80000      0.00000
    -7.40000      0.00000
    -7.00000      0.00000
    -6.60000      0.00000
    -6.20000      0.00000
    -5.80000      1.00000
    -5.40000      1.75000
    -5.00000      8.25000
    -4.60000      7.00000
    -4.20000     12.50000
    -3.80000     13.75000
    -3.40000     12.50000
    -3.00000      9.50000
    -2.60000     13.50000
    -2.20000      7.75000
    -1.80000      8.25000
    -1.40000      6.25000
    -1.00000     13.00000
    -0.60000     11.75000
    -0.20000      7.50000
     0.20000      2.75000
     0.60000      5.50000
     1.00000      4.25000
     1.40000      9.50000
     1.80000      9.50000
     2.20000      7.00000
     2.60000     12.00000
     3.00000     14.75000
     3.40000     15.75000
     3.80000     11.75000
     4.20000      9.75000
     4.60000      8.50000
     5.00000      7.00000
     5.40000      2.50000
     5.80000      0.50000
     6.20000      0.00000
     6.60000      0.00000
     7.00000      0.00000
     7.40000      0.00000
     7.80000      0.00000
     8.20000      0.00000
     8.60000      0.00000
     9.00000      0.00000
     9.40000      0.00000
     9.80000      0.00000
 after hadron evolution
    -9.80000      0.00000
    -9.40000      0.00000
    -9.00000      0.00000
    -8.60000      0.00000
    -8.20000      0.00000
    -7.80000      0.00000
    -7.40000      0.00000
    -7.00000      0.00000
    -6.60000      0.00000
    -6.20000      0.00000
    -5.80000      1.00000
    -5.40000      3.50000
    -5.00000     12.25000
    -4.60000     13.00000
    -4.20000     20.25000
    -3.80000     22.25000
    -3.40000     20.50000
    -3.00000     16.75000
    -2.60000     23.50000
    -2.20000     14.50000
    -1.80000     12.50000
    -1.40000     12.75000
    -1.00000     21.50000
    -0.60000     13.25000
    -0.20000     17.00000
     0.20000      5.75000
     0.60000      8.25000
     1.00000     11.75000
     1.40000     15.00000
     1.80000     13.75000
     2.20000     11.25000
     2.60000     17.25000
     3.00000     22.50000
     3.40000     21.75000
     3.80000     20.00000
     4.20000     17.00000
     4.60000     12.75000
     5.00000     10.00000
     5.40000      4.25000
     5.80000      0.50000
     6.20000      0.00000
     6.60000      0.00000
     7.00000      0.00000
     7.40000      0.00000
     7.80000      0.00000
     8.20000      0.00000
     8.60000      0.00000
     9.00000      0.00000
     9.40000      0.00000
     9.80000      0.00000
