    -9.80000      0.00000
    -9.40000      0.00000
    -9.00000      0.00000
    -8.60000      0.00000
    -8.20000      0.00000
    -7.80000      0.00000
    -7.40000      0.00000
    -7.00000      0.25000
    -6.60000      0.75000
    -6.20000      2.75000
    -5.80000     10.00000
    -5.40000     21.75000
    -5.00000     46.00000
    -4.60000     66.00000
    -4.20000    109.75000
    -3.80000    151.75000
    -3.40000    175.00000
    -3.00000    216.25000
    -2.60000    256.00000
    -2.20000    286.50000
    -1.80000    344.75000
    -1.40000    360.00000
    -1.00000    386.25000
    -0.60000    382.75000
    -0.20000    363.75000
     0.20000    365.00000
     0.60000    375.75000
     1.00000    384.00000
     1.40000    360.50000
     1.80000    336.75000
     2.20000    290.75000
     2.60000    259.25000
     3.00000    211.25000
     3.40000    182.75000
     3.80000    141.00000
     4.20000    107.25000
     4.60000     73.75000
     5.00000     44.75000
     5.40000     21.75000
     5.80000      7.50000
     6.20000      4.75000
     6.60000      0.75000
     7.00000      0.00000
     7.40000      0.00000
     7.80000      0.00000
     8.20000      0.00000
     8.60000      0.00000
     9.00000      0.00000
     9.40000      0.00000
     9.80000      0.00000
 after hadron evolution
    -9.80000      0.00000
    -9.40000      0.00000
    -9.00000      0.00000
    -8.60000      0.00000
    -8.20000      0.00000
    -7.80000      0.00000
    -7.40000      0.00000
    -7.00000      0.25000
    -6.60000      1.00000
    -6.20000      4.00000
    -5.80000     15.50000
    -5.40000     37.75000
    -5.00000     64.50000
    -4.60000    105.25000
    -4.20000    170.50000
    -3.80000    223.25000
    -3.40000    279.50000
    -3.00000    330.25000
    -2.60000    400.25000
    -2.20000    443.75000
    -1.80000    514.50000
    -1.40000    578.50000
    -1.00000    629.50000
    -0.60000    630.75000
    -0.20000    620.50000
     0.20000    628.00000
     0.60000    617.75000
     1.00000    619.25000
     1.40000    536.25000
     1.80000    509.75000
     2.20000    431.75000
     2.60000    400.75000
     3.00000    326.75000
     3.40000    266.25000
     3.80000    214.00000
     4.20000    163.75000
     4.60000    114.25000
     5.00000     66.50000
     5.40000     32.50000
     5.80000     12.75000
     6.20000      7.75000
     6.60000      1.00000
     7.00000      0.25000
     7.40000      0.00000
     7.80000      0.00000
     8.20000      0.00000
     8.60000      0.00000
     9.00000      0.00000
     9.40000      0.00000
     9.80000      0.00000
