    -9.80000      0.00000
    -9.40000      0.00000
    -9.00000      0.00000
    -8.60000      0.00000
    -8.20000      0.00000
    -7.80000      0.00000
    -7.40000      0.00000
    -7.00000      0.00000
    -6.60000      0.00000
    -6.20000      0.00000
    -5.80000      1.00000
    -5.40000      2.25000
    -5.00000      8.25000
    -4.60000      7.75000
    -4.20000     13.00000
    -3.80000     14.25000
    -3.40000     15.50000
    -3.00000     12.25000
    -2.60000     19.00000
    -2.20000     13.75000
    -1.80000     15.25000
    -1.40000     16.00000
    -1.00000     21.25000
    -0.60000     23.75000
    -0.20000     18.75000
     0.20000     15.00000
     0.60000     18.75000
     1.00000     16.50000
     1.40000     16.25000
     1.80000     17.50000
     2.20000     13.75000
     2.60000     17.25000
     3.00000     16.50000
     3.40000     16.75000
     3.80000     13.00000
     4.20000     10.75000
     4.60000      9.50000
     5.00000      7.25000
     5.40000      2.50000
     5.80000      0.50000
     6.20000      0.00000
     6.60000      0.00000
     7.00000      0.00000
     7.40000      0.00000
     7.80000      0.00000
     8.20000      0.00000
     8.60000      0.00000
     9.00000      0.00000
     9.40000      0.00000
     9.80000      0.00000
 after hadron evolution
    -9.80000      0.00000
    -9.40000      0.00000
    -9.00000      0.00000
    -8.60000      0.00000
    -8.20000      0.00000
    -7.80000      0.00000
    -7.40000      0.00000
    -7.00000      0.00000
    -6.60000      0.00000
    -6.20000      0.00000
    -5.80000      1.00000
    -5.40000      4.25000
    -5.00000     12.25000
    -4.60000     14.50000
    -4.20000     21.50000
    -3.80000     23.25000
    -3.40000     25.50000
    -3.00000     20.75000
    -2.60000     30.75000
    -2.20000     24.00000
    -1.80000     23.75000
    -1.40000     25.50000
    -1.00000     32.00000
    -0.60000     31.25000
    -0.20000     29.25000
     0.20000     24.00000
     0.60000     27.00000
     1.00000     27.00000
     1.40000     24.75000
     1.80000     26.25000
     2.20000     21.25000
     2.60000     25.00000
     3.00000     26.25000
     3.40000     25.50000
     3.80000     22.50000
     4.20000     19.50000
     4.60000     14.25000
     5.00000     10.25000
     5.40000      4.25000
     5.80000      0.50000
     6.20000      0.00000
     6.60000      0.00000
     7.00000      0.00000
     7.40000      0.00000
     7.80000      0.00000
     8.20000      0.00000
     8.60000      0.00000
     9.00000      0.00000
     9.40000      0.00000
     9.80000      0.00000
