    -9.80000      0.00000
    -9.40000      0.00000
    -9.00000      0.00000
    -8.60000      0.00000
    -8.20000      0.00000
    -7.80000      0.00000
    -7.40000      0.00000
    -7.00000      0.00000
    -6.60000      0.00000
    -6.20000      1.50000
    -5.80000      3.50000
    -5.40000      6.50000
    -5.00000      8.00000
    -4.60000     15.50000
    -4.20000     24.25000
    -3.80000     30.25000
    -3.40000     42.50000
    -3.00000     52.25000
    -2.60000     57.75000
    -2.20000     74.75000
    -1.80000     93.00000
    -1.40000     89.75000
    -1.00000     93.25000
    -0.60000     86.75000
    -0.20000     83.75000
     0.20000     80.25000
     0.60000     93.00000
     1.00000     97.00000
     1.40000     85.75000
     1.80000     93.25000
     2.20000     77.25000
     2.60000     63.50000
     3.00000     54.25000
     3.40000     43.50000
     3.80000     32.25000
     4.20000     25.25000
     4.60000     12.25000
     5.00000      9.75000
     5.40000      4.00000
     5.80000      2.25000
     6.20000      0.75000
     6.60000      0.00000
     7.00000      0.50000
     7.40000      0.00000
     7.80000      0.00000
     8.20000      0.00000
     8.60000      0.00000
     9.00000      0.00000
     9.40000      0.00000
     9.80000      0.00000
 after hadron evolution
    -9.80000      0.00000
    -9.40000      0.00000
    -9.00000      0.00000
    -8.60000      0.00000
    -8.20000      0.00000
    -7.80000      0.00000
    -7.40000      0.00000
    -7.00000      0.00000
    -6.60000      1.00000
    -6.20000      3.00000
    -5.80000      8.00000
    -5.40000     17.75000
    -5.00000     27.75000
    -4.60000     45.25000
    -4.20000     78.50000
    -3.80000    100.00000
    -3.40000    133.50000
    -3.00000    153.25000
    -2.60000    180.50000
    -2.20000    218.75000
    -1.80000    238.00000
    -1.40000    257.75000
    -1.00000    282.25000
    -0.60000    284.00000
    -0.20000    296.25000
     0.20000    298.75000
     0.60000    305.75000
     1.00000    287.50000
     1.40000    251.25000
     1.80000    248.00000
     2.20000    205.25000
     2.60000    169.50000
     3.00000    153.75000
     3.40000    122.50000
     3.80000    100.25000
     4.20000     72.00000
     4.60000     41.25000
     5.00000     33.25000
     5.40000     15.25000
     5.80000      6.75000
     6.20000      3.00000
     6.60000      0.00000
     7.00000      0.50000
     7.40000      0.00000
     7.80000      0.00000
     8.20000      0.00000
     8.60000      0.00000
     9.00000      0.00000
     9.40000      0.00000
     9.80000      0.00000
