    -9.80000      0.00000
    -9.40000      0.05000
    -9.00000      0.00000
    -8.60000      0.05000
    -8.20000      0.00000
    -7.80000      0.05000
    -7.40000      0.10000
    -7.00000      0.20000
    -6.60000      0.45000
    -6.20000      0.90000
    -5.80000      2.05000
    -5.40000      2.80000
    -5.00000      5.65000
    -4.60000     10.50000
    -4.20000     14.30000
    -3.80000     16.50000
    -3.40000     24.40000
    -3.00000     31.05000
    -2.60000     31.75000
    -2.20000     36.05000
    -1.80000     38.60000
    -1.40000     42.40000
    -1.00000     39.15000
    -0.60000     40.55000
    -0.20000     37.35000
     0.20000     38.35000
     0.60000     39.30000
     1.00000     41.45000
     1.40000     45.40000
     1.80000     45.70000
     2.20000     45.10000
     2.60000     39.70000
     3.00000     34.60000
     3.40000     31.10000
     3.80000     25.20000
     4.20000     20.15000
     4.60000     16.05000
     5.00000     10.80000
     5.40000      6.20000
     5.80000      3.30000
     6.20000      2.05000
     6.60000      0.95000
     7.00000      0.70000
     7.40000      0.25000
     7.80000      0.00000
     8.20000      0.00000
     8.60000      0.05000
     9.00000      0.00000
     9.40000      0.00000
     9.80000      0.00000
 after hadron evolution
    -9.80000      0.00000
    -9.40000      0.00000
    -9.00000      0.00000
    -8.60000      0.00000
    -8.20000      0.00000
    -7.80000      0.15000
    -7.40000      0.10000
    -7.00000      0.25000
    -6.60000      0.40000
    -6.20000      1.00000
    -5.80000      2.50000
    -5.40000      4.35000
    -5.00000      8.60000
    -4.60000     13.95000
    -4.20000     20.55000
    -3.80000     29.15000
    -3.40000     38.20000
    -3.00000     48.45000
    -2.60000     55.10000
    -2.20000     64.05000
    -1.80000     73.70000
    -1.40000     74.99999
    -1.00000     78.05000
    -0.60000     78.95000
    -0.20000     77.64999
     0.20000     75.85000
     0.60000     79.99999
     1.00000     85.89999
     1.40000     81.95000
     1.80000     79.49999
     2.20000     79.24999
     2.60000     68.89999
     3.00000     59.65000
     3.40000     52.60000
     3.80000     42.25000
     4.20000     32.80000
     4.60000     21.55000
     5.00000     15.40000
     5.40000      8.10000
     5.80000      3.70000
     6.20000      2.30000
     6.60000      0.80000
     7.00000      0.40000
     7.40000      0.25000
     7.80000      0.05000
     8.20000      0.00000
     8.60000      0.05000
     9.00000      0.00000
     9.40000      0.00000
     9.80000      0.00000
