 after hadron evolution
     0.02500     50.59650
     0.07500     41.75898
     0.12500     32.90030
     0.17500     26.21216
     0.22500     23.03846
     0.27500     20.53590
     0.32500     12.43007
     0.37500     12.60150
     0.42500     11.72736
     0.47500      9.88965
     0.52500     10.76529
     0.57500      5.60114
     0.62500      5.16017
     0.67500      4.45069
     0.72500      2.95202
     0.77500      3.94257
     0.82500      2.56786
     0.87500      2.63363
     0.92500      2.67921
     0.97500      1.22486
     1.02500      1.30996
     1.07500      1.65108
     1.12500      0.86641
     1.17500      1.07726
     1.22500      0.81222
     1.27500      0.90048
     1.32500      0.54672
     1.37500      0.31894
     1.42500      0.31136
     1.47500      0.81567
     1.52500      0.39692
     1.57500      0.09711
     1.62500      0.18794
     1.67500      0.18317
     1.77500      0.17702
     1.82500      0.08669
     1.87500      0.25307
     2.07500      0.07850
     2.12500      0.15189
     2.22500      0.14682
     2.27500      0.07218
     2.47500      0.06745
