    -9.80000      0.00000
    -9.40000      0.00000
    -9.00000      0.00000
    -8.60000      0.00000
    -8.20000      0.00000
    -7.80000      0.00000
    -7.40000      0.00000
    -7.00000      0.00000
    -6.60000      0.00000
    -6.20000      0.05000
    -5.80000      0.15000
    -5.40000      2.10000
    -5.00000      4.65000
    -4.60000      7.45000
    -4.20000     13.60000
    -3.80000     14.75000
    -3.40000     14.75000
    -3.00000     12.75000
    -2.60000     10.65000
    -2.20000      8.10000
    -1.80000      7.25000
    -1.40000      5.70000
    -1.00000      3.75000
    -0.60000      3.40000
    -0.20000      5.80000
     0.20000      4.70000
     0.60000      2.15000
     1.00000      3.15000
     1.40000      7.35000
     1.80000      7.15000
     2.20000      8.90000
     2.60000     14.55000
     3.00000     15.60000
     3.40000     21.15000
     3.80000     22.60000
     4.20000     20.10000
     4.60000     17.75000
     5.00000      9.40000
     5.40000      4.60000
     5.80000      0.20000
     6.20000      0.00000
     6.60000      0.00000
     7.00000      0.00000
     7.40000      0.00000
     7.80000      0.00000
     8.20000      0.00000
     8.60000      0.00000
     9.00000      0.00000
     9.40000      0.00000
     9.80000      0.00000
 after hadron evolution
    -9.80000      0.00000
    -9.40000      0.00000
    -9.00000      0.00000
    -8.60000      0.00000
    -8.20000      0.00000
    -7.80000      0.00000
    -7.40000      0.00000
    -7.00000      0.00000
    -6.60000      0.00000
    -6.20000      0.05000
    -5.80000      0.20000
    -5.40000      2.40000
    -5.00000      4.10000
    -4.60000      7.80000
    -4.20000     13.75000
    -3.80000     14.50000
    -3.40000     15.00000
    -3.00000     12.55000
    -2.60000     10.10000
    -2.20000      9.20000
    -1.80000      7.75000
    -1.40000      4.65000
    -1.00000      3.95000
    -0.60000      2.70000
    -0.20000      6.15000
     0.20000      3.65000
     0.60000      2.55000
     1.00000      4.55000
     1.40000      5.15000
     1.80000      7.75000
     2.20000      9.10000
     2.60000     14.55000
     3.00000     16.15000
     3.40000     20.95000
     3.80000     22.85000
     4.20000     19.75000
     4.60000     17.65000
     5.00000      9.50000
     5.40000      4.90000
     5.80000      0.25000
     6.20000      0.00000
     6.60000      0.00000
     7.00000      0.00000
     7.40000      0.00000
     7.80000      0.00000
     8.20000      0.00000
     8.60000      0.00000
     9.00000      0.00000
     9.40000      0.00000
     9.80000      0.00000
