    -9.80000      0.00000
    -9.40000      0.00000
    -9.00000      0.00000
    -8.60000      0.00000
    -8.20000      0.00000
    -7.80000      0.00000
    -7.40000      0.00000
    -7.00000      0.00000
    -6.60000      0.05000
    -6.20000      0.05000
    -5.80000      0.85000
    -5.40000      2.80000
    -5.00000      6.65000
    -4.60000     13.70000
    -4.20000     24.55000
    -3.80000     33.35000
    -3.40000     42.40000
    -3.00000     54.05000
    -2.60000     67.45000
    -2.20000     75.30000
    -1.80000     82.70000
    -1.40000     90.59999
    -1.00000     95.95000
    -0.60000     99.05000
    -0.20000    102.64999
     0.20000    101.74999
     0.60000    103.55000
     1.00000    101.24999
     1.40000    101.24999
     1.80000     96.09999
     2.20000     86.49999
     2.60000     80.85000
     3.00000     69.24999
     3.40000     61.95000
     3.80000     51.10000
     4.20000     38.30000
     4.60000     25.60000
     5.00000     13.85000
     5.40000      5.55000
     5.80000      1.50000
     6.20000      0.45000
     6.60000      0.30000
     7.00000      0.00000
     7.40000      0.00000
     7.80000      0.00000
     8.20000      0.00000
     8.60000      0.00000
     9.00000      0.00000
     9.40000      0.00000
     9.80000      0.00000
 after hadron evolution
    -9.80000      0.00000
    -9.40000      0.00000
    -9.00000      0.00000
    -8.60000      0.00000
    -8.20000      0.00000
    -7.80000      0.00000
    -7.40000      0.00000
    -7.00000      0.00000
    -6.60000      0.10000
    -6.20000      0.25000
    -5.80000      1.75000
    -5.40000      5.90000
    -5.00000     11.60000
    -4.60000     23.70000
    -4.20000     37.35000
    -3.80000     57.40000
    -3.40000     73.24999
    -3.00000     91.49999
    -2.60000    111.45000
    -2.20000    130.04999
    -1.80000    148.84999
    -1.40000    159.99998
    -1.00000    168.70000
    -0.60000    182.09999
    -0.20000    189.84999
     0.20000    191.74998
     0.60000    194.44998
     1.00000    183.49998
     1.40000    174.70000
     1.80000    165.59999
     2.20000    152.29999
     2.60000    138.95000
     3.00000    121.59999
     3.40000    102.30000
     3.80000     81.95000
     4.20000     61.25000
     4.60000     39.90000
     5.00000     23.75000
     5.40000     10.65000
     5.80000      3.55000
     6.20000      1.05000
     6.60000      0.45000
     7.00000      0.00000
     7.40000      0.00000
     7.80000      0.00000
     8.20000      0.00000
     8.60000      0.00000
     9.00000      0.00000
     9.40000      0.00000
     9.80000      0.00000
