    -9.80000      0.00000
    -9.40000      0.00000
    -9.00000      0.00000
    -8.60000      0.00000
    -8.20000      0.00000
    -7.80000      0.00000
    -7.40000      0.00000
    -7.00000      0.00000
    -6.60000      0.00000
    -6.20000      0.00000
    -5.80000      0.00000
    -5.40000      0.00000
    -5.00000      0.00000
    -4.60000      0.00000
    -4.20000     10.00000
    -3.80000      7.50000
    -3.40000     25.00000
    -3.00000     57.50000
    -2.60000     77.50000
    -2.20000    112.50000
    -1.80000    135.00000
    -1.40000    155.00000
    -1.00000    177.50000
    -0.60000    182.50000
    -0.20000    232.50000
     0.20000    232.50000
     0.60000    237.50000
     1.00000    237.50000
     1.40000    217.50000
     1.80000    187.50000
     2.20000    182.50000
     2.60000    122.50000
     3.00000    120.00000
     3.40000     67.50000
     3.80000     37.50000
     4.20000     15.00000
     4.60000     10.00000
     5.00000      0.00000
     5.40000      0.00000
     5.80000      0.00000
     6.20000      0.00000
     6.60000      0.00000
     7.00000      0.00000
     7.40000      0.00000
     7.80000      0.00000
     8.20000      0.00000
     8.60000      0.00000
     9.00000      0.00000
     9.40000      0.00000
     9.80000      0.00000
 after hadron evolution
    -9.80000      0.00000
    -9.40000      0.00000
    -9.00000      0.00000
    -8.60000      0.00000
    -8.20000      0.00000
    -7.80000      0.00000
    -7.40000      0.00000
    -7.00000      0.00000
    -6.60000      0.00000
    -6.20000      0.00000
    -5.80000      0.00000
    -5.40000      0.00000
    -5.00000      0.00000
    -4.60000      2.50000
    -4.20000     15.00000
    -3.80000     22.50000
    -3.40000     52.50000
    -3.00000     95.00000
    -2.60000    110.00000
    -2.20000    180.00000
    -1.80000    197.50000
    -1.40000    245.00000
    -1.00000    315.00000
    -0.60000    332.50000
    -0.20000    382.50000
     0.20000    385.00000
     0.60000    417.50000
     1.00000    417.50000
     1.40000    337.50000
     1.80000    312.50000
     2.20000    292.50000
     2.60000    220.00000
     3.00000    165.00000
     3.40000    140.00000
     3.80000     65.00000
     4.20000     50.00000
     4.60000     15.00000
     5.00000      0.00000
     5.40000      2.50000
     5.80000      0.00000
     6.20000      0.00000
     6.60000      0.00000
     7.00000      0.00000
     7.40000      0.00000
     7.80000      0.00000
     8.20000      0.00000
     8.60000      0.00000
     9.00000      0.00000
     9.40000      0.00000
     9.80000      0.00000
