    -9.80000      0.00000
    -9.40000      0.00000
    -9.00000      0.00000
    -8.60000      0.00000
    -8.20000      0.00000
    -7.80000      0.00000
    -7.40000      0.00000
    -7.00000      0.00000
    -6.60000      0.00000
    -6.20000      0.00000
    -5.80000      0.10000
    -5.40000      0.85000
    -5.00000      1.00000
    -4.60000      1.70000
    -4.20000      2.35000
    -3.80000      3.00000
    -3.40000      3.00000
    -3.00000      2.65000
    -2.60000      2.50000
    -2.20000      2.15000
    -1.80000      2.65000
    -1.40000      2.50000
    -1.00000      3.30000
    -0.60000      3.55000
    -0.20000      3.35000
     0.20000      3.35000
     0.60000      3.30000
     1.00000      3.20000
     1.40000      3.55000
     1.80000      3.55000
     2.20000      4.15000
     2.60000      3.90000
     3.00000      4.60000
     3.40000      4.05000
     3.80000      4.45000
     4.20000      4.20000
     4.60000      3.00000
     5.00000      2.35000
     5.40000      1.80000
     5.80000      0.15000
     6.20000      0.00000
     6.60000      0.00000
     7.00000      0.00000
     7.40000      0.00000
     7.80000      0.00000
     8.20000      0.00000
     8.60000      0.00000
     9.00000      0.00000
     9.40000      0.00000
     9.80000      0.00000
 after hadron evolution
    -9.80000      0.00000
    -9.40000      0.00000
    -9.00000      0.00000
    -8.60000      0.00000
    -8.20000      0.00000
    -7.80000      0.00000
    -7.40000      0.00000
    -7.00000      0.00000
    -6.60000      0.00000
    -6.20000      0.00000
    -5.80000      0.10000
    -5.40000      1.15000
    -5.00000      1.85000
    -4.60000      3.35000
    -4.20000      6.35000
    -3.80000      6.70000
    -3.40000      6.95000
    -3.00000      6.50000
    -2.60000      6.55000
    -2.20000      5.15000
    -1.80000      5.90000
    -1.40000      5.15000
    -1.00000      5.25000
    -0.60000      5.45000
    -0.20000      6.05000
     0.20000      5.85000
     0.60000      6.45000
     1.00000      5.55000
     1.40000      6.45000
     1.80000      7.20000
     2.20000      7.05000
     2.60000      7.95000
     3.00000      9.70000
     3.40000      9.85000
     3.80000     11.35000
     4.20000     10.20000
     4.60000      7.25000
     5.00000      4.35000
     5.40000      2.40000
     5.80000      0.25000
     6.20000      0.00000
     6.60000      0.00000
     7.00000      0.00000
     7.40000      0.00000
     7.80000      0.00000
     8.20000      0.00000
     8.60000      0.00000
     9.00000      0.00000
     9.40000      0.00000
     9.80000      0.00000
