    -9.80000      0.00000
    -9.40000      0.00000
    -9.00000      0.00000
    -8.60000      0.00000
    -8.20000      0.00000
    -7.80000      0.00000
    -7.40000      0.00000
    -7.00000      0.00000
    -6.60000      0.00000
    -6.20000      0.00000
    -5.80000      0.10000
    -5.40000      0.85000
    -5.00000      1.00000
    -4.60000      1.65000
    -4.20000      2.30000
    -3.80000      2.75000
    -3.40000      2.85000
    -3.00000      2.30000
    -2.60000      1.70000
    -2.20000      1.50000
    -1.80000      1.75000
    -1.40000      1.20000
    -1.00000      1.45000
    -0.60000      1.20000
    -0.20000      1.30000
     0.20000      0.95000
     0.60000      1.05000
     1.00000      0.90000
     1.40000      1.25000
     1.80000      2.10000
     2.20000      2.95000
     2.60000      2.95000
     3.00000      3.80000
     3.40000      3.60000
     3.80000      4.00000
     4.20000      3.85000
     4.60000      2.90000
     5.00000      2.35000
     5.40000      1.80000
     5.80000      0.15000
     6.20000      0.00000
     6.60000      0.00000
     7.00000      0.00000
     7.40000      0.00000
     7.80000      0.00000
     8.20000      0.00000
     8.60000      0.00000
     9.00000      0.00000
     9.40000      0.00000
     9.80000      0.00000
 after hadron evolution
    -9.80000      0.00000
    -9.40000      0.00000
    -9.00000      0.00000
    -8.60000      0.00000
    -8.20000      0.00000
    -7.80000      0.00000
    -7.40000      0.00000
    -7.00000      0.00000
    -6.60000      0.00000
    -6.20000      0.00000
    -5.80000      0.10000
    -5.40000      1.15000
    -5.00000      1.85000
    -4.60000      3.30000
    -4.20000      6.25000
    -3.80000      6.05000
    -3.40000      6.50000
    -3.00000      5.60000
    -2.60000      4.70000
    -2.20000      3.30000
    -1.80000      3.60000
    -1.40000      2.90000
    -1.00000      2.25000
    -0.60000      1.45000
    -0.20000      2.80000
     0.20000      1.10000
     0.60000      2.60000
     1.00000      1.65000
     1.40000      2.20000
     1.80000      3.90000
     2.20000      3.90000
     2.60000      5.85000
     3.00000      7.75000
     3.40000      8.60000
     3.80000     10.00000
     4.20000      9.40000
     4.60000      6.85000
     5.00000      4.30000
     5.40000      2.35000
     5.80000      0.25000
     6.20000      0.00000
     6.60000      0.00000
     7.00000      0.00000
     7.40000      0.00000
     7.80000      0.00000
     8.20000      0.00000
     8.60000      0.00000
     9.00000      0.00000
     9.40000      0.00000
     9.80000      0.00000
