    -9.80000      0.00000
    -9.40000      0.00000
    -9.00000      0.00000
    -8.60000      0.00000
    -8.20000      0.00000
    -7.80000      0.00000
    -7.40000      0.00000
    -7.00000      0.00000
    -6.60000      0.05000
    -6.20000      0.05000
    -5.80000      0.25000
    -5.40000      0.75000
    -5.00000      0.90000
    -4.60000      2.25000
    -4.20000      2.95000
    -3.80000      5.55000
    -3.40000      7.30000
    -3.00000      8.55000
    -2.60000     11.70000
    -2.20000     13.55000
    -1.80000     14.45000
    -1.40000     15.45000
    -1.00000     16.65000
    -0.60000     16.45000
    -0.20000     17.80000
     0.20000     19.25000
     0.60000     20.45000
     1.00000     19.70000
     1.40000     19.20000
     1.80000     19.00000
     2.20000     15.40000
     2.60000     13.20000
     3.00000     11.15000
     3.40000     10.05000
     3.80000      7.45000
     4.20000      5.60000
     4.60000      3.25000
     5.00000      2.65000
     5.40000      1.15000
     5.80000      0.80000
     6.20000      0.25000
     6.60000      0.00000
     7.00000      0.00000
     7.40000      0.00000
     7.80000      0.00000
     8.20000      0.00000
     8.60000      0.00000
     9.00000      0.00000
     9.40000      0.00000
     9.80000      0.00000
 after hadron evolution
    -9.80000      0.00000
    -9.40000      0.00000
    -9.00000      0.00000
    -8.60000      0.00000
    -8.20000      0.00000
    -7.80000      0.00000
    -7.40000      0.00000
    -7.00000      0.00000
    -6.60000      0.10000
    -6.20000      0.35000
    -5.80000      1.25000
    -5.40000      2.60000
    -5.00000      5.80000
    -4.60000     10.30000
    -4.20000     16.50000
    -3.80000     28.45000
    -3.40000     38.00000
    -3.00000     45.40000
    -2.60000     56.15000
    -2.20000     64.99999
    -1.80000     72.64999
    -1.40000     74.30000
    -1.00000     83.24999
    -0.60000     87.39999
    -0.20000     87.74999
     0.20000     89.74999
     0.60000     93.34999
     1.00000     90.74999
     1.40000     87.14999
     1.80000     81.35000
     2.20000     72.74999
     2.60000     64.35000
     3.00000     56.45000
     3.40000     48.95000
     3.80000     37.95000
     4.20000     29.35000
     4.60000     18.70000
     5.00000     11.20000
     5.40000      5.00000
     5.80000      2.30000
     6.20000      0.55000
     6.60000      0.15000
     7.00000      0.05000
     7.40000      0.00000
     7.80000      0.00000
     8.20000      0.00000
     8.60000      0.00000
     9.00000      0.00000
     9.40000      0.00000
     9.80000      0.00000
