    -9.80000      0.00000
    -9.40000      0.00000
    -9.00000      0.00000
    -8.60000      0.00000
    -8.20000      0.00000
    -7.80000      0.00000
    -7.40000      0.00000
    -7.00000      0.00000
    -6.60000      0.00000
    -6.20000      0.00000
    -5.80000      0.00000
    -5.40000      0.00000
    -5.00000      0.00000
    -4.60000      0.20000
    -4.20000      0.85000
    -3.80000      1.10000
    -3.40000      1.90000
    -3.00000      2.25000
    -2.60000      3.45000
    -2.20000      6.15000
    -1.80000      4.95000
    -1.40000      6.30000
    -1.00000      7.40000
    -0.60000      7.60000
    -0.20000      7.20000
     0.20000      7.20000
     0.60000      8.25000
     1.00000      6.35000
     1.40000      7.35000
     1.80000      6.15000
     2.20000      4.40000
     2.60000      4.25000
     3.00000      3.20000
     3.40000      3.60000
     3.80000      1.90000
     4.20000      1.45000
     4.60000      0.55000
     5.00000      0.20000
     5.40000      0.05000
     5.80000      0.00000
     6.20000      0.00000
     6.60000      0.00000
     7.00000      0.00000
     7.40000      0.00000
     7.80000      0.00000
     8.20000      0.00000
     8.60000      0.00000
     9.00000      0.00000
     9.40000      0.00000
     9.80000      0.00000
 after hadron evolution
    -9.80000      0.00000
    -9.40000      0.00000
    -9.00000      0.00000
    -8.60000      0.00000
    -8.20000      0.00000
    -7.80000      0.00000
    -7.40000      0.00000
    -7.00000      0.00000
    -6.60000      0.00000
    -6.20000      0.00000
    -5.80000      0.05000
    -5.40000      0.10000
    -5.00000      0.10000
    -4.60000      0.40000
    -4.20000      1.35000
    -3.80000      3.05000
    -3.40000      3.10000
    -3.00000      4.30000
    -2.60000      7.00000
    -2.20000      8.40000
    -1.80000      8.40000
    -1.40000      9.35000
    -1.00000     10.10000
    -0.60000     10.90000
    -0.20000     12.20000
     0.20000     13.10000
     0.60000     12.65000
     1.00000     11.75000
     1.40000     10.85000
     1.80000      9.65000
     2.20000      8.30000
     2.60000      6.75000
     3.00000      5.90000
     3.40000      5.35000
     3.80000      3.00000
     4.20000      2.25000
     4.60000      0.95000
     5.00000      0.40000
     5.40000      0.00000
     5.80000      0.00000
     6.20000      0.00000
     6.60000      0.00000
     7.00000      0.00000
     7.40000      0.00000
     7.80000      0.00000
     8.20000      0.00000
     8.60000      0.00000
     9.00000      0.00000
     9.40000      0.00000
     9.80000      0.00000
