    -9.80000      0.00000
    -9.40000      0.00000
    -9.00000      0.00000
    -8.60000      0.00000
    -8.20000      0.00000
    -7.80000      0.00000
    -7.40000      0.00000
    -7.00000      0.00000
    -6.60000      0.00000
    -6.20000      0.00000
    -5.80000      0.00000
    -5.40000      0.00000
    -5.00000      0.15000
    -4.60000      0.15000
    -4.20000      0.40000
    -3.80000      0.70000
    -3.40000      1.40000
    -3.00000      2.65000
    -2.60000      3.35000
    -2.20000      3.85000
    -1.80000      4.10000
    -1.40000      5.75000
    -1.00000      7.90000
    -0.60000      7.20000
    -0.20000      7.65000
     0.20000      7.75000
     0.60000      6.25000
     1.00000      6.55000
     1.40000      6.55000
     1.80000      6.65000
     2.20000      4.85000
     2.60000      4.25000
     3.00000      2.55000
     3.40000      2.35000
     3.80000      1.65000
     4.20000      0.80000
     4.60000      0.30000
     5.00000      0.20000
     5.40000      0.05000
     5.80000      0.00000
     6.20000      0.00000
     6.60000      0.00000
     7.00000      0.00000
     7.40000      0.00000
     7.80000      0.00000
     8.20000      0.00000
     8.60000      0.00000
     9.00000      0.00000
     9.40000      0.00000
     9.80000      0.00000
 after hadron evolution
    -9.80000      0.00000
    -9.40000      0.00000
    -9.00000      0.00000
    -8.60000      0.00000
    -8.20000      0.00000
    -7.80000      0.00000
    -7.40000      0.00000
    -7.00000      0.00000
    -6.60000      0.00000
    -6.20000      0.00000
    -5.80000      0.00000
    -5.40000      0.05000
    -5.00000      0.10000
    -4.60000      0.30000
    -4.20000      0.85000
    -3.80000      1.60000
    -3.40000      2.45000
    -3.00000      4.35000
    -2.60000      5.25000
    -2.20000      7.15000
    -1.80000      7.45000
    -1.40000      8.70000
    -1.00000     11.95000
    -0.60000     11.55000
    -0.20000     12.15000
     0.20000     10.90000
     0.60000     11.85000
     1.00000     10.70000
     1.40000     11.15000
     1.80000      9.30000
     2.20000      9.00000
     2.60000      7.30000
     3.00000      6.00000
     3.40000      5.00000
     3.80000      2.30000
     4.20000      1.75000
     4.60000      0.70000
     5.00000      0.25000
     5.40000      0.05000
     5.80000      0.00000
     6.20000      0.00000
     6.60000      0.00000
     7.00000      0.00000
     7.40000      0.00000
     7.80000      0.00000
     8.20000      0.00000
     8.60000      0.00000
     9.00000      0.00000
     9.40000      0.00000
     9.80000      0.00000
