    -9.80000      0.00000
    -9.40000      0.00000
    -9.00000      0.00000
    -8.60000      0.00000
    -8.20000      0.00000
    -7.80000      0.00000
    -7.40000      0.00000
    -7.00000      0.00000
    -6.60000      0.05000
    -6.20000      0.00000
    -5.80000      0.45000
    -5.40000      1.00000
    -5.00000      2.80000
    -4.60000      5.10000
    -4.20000      9.75000
    -3.80000     14.70000
    -3.40000     18.80000
    -3.00000     26.60000
    -2.60000     31.35000
    -2.20000     35.25000
    -1.80000     40.85000
    -1.40000     42.35000
    -1.00000     46.35000
    -0.60000     49.15000
    -0.20000     50.35000
     0.20000     50.50000
     0.60000     49.25000
     1.00000     49.50000
     1.40000     50.00000
     1.80000     48.15000
     2.20000     43.95000
     2.60000     38.35000
     3.00000     31.80000
     3.40000     28.10000
     3.80000     22.45000
     4.20000     15.90000
     4.60000     10.25000
     5.00000      5.45000
     5.40000      1.85000
     5.80000      0.45000
     6.20000      0.30000
     6.60000      0.15000
     7.00000      0.00000
     7.40000      0.00000
     7.80000      0.00000
     8.20000      0.00000
     8.60000      0.00000
     9.00000      0.00000
     9.40000      0.00000
     9.80000      0.00000
 after hadron evolution
    -9.80000      0.00000
    -9.40000      0.00000
    -9.00000      0.00000
    -8.60000      0.00000
    -8.20000      0.00000
    -7.80000      0.00000
    -7.40000      0.00000
    -7.00000      0.00000
    -6.60000      0.05000
    -6.20000      0.15000
    -5.80000      0.90000
    -5.40000      2.60000
    -5.00000      5.50000
    -4.60000      9.80000
    -4.20000     15.75000
    -3.80000     26.25000
    -3.40000     32.05000
    -3.00000     43.90000
    -2.60000     52.95000
    -2.20000     61.70000
    -1.80000     72.45000
    -1.40000     77.85000
    -1.00000     84.80000
    -0.60000     90.24999
    -0.20000     93.20000
     0.20000     91.49999
     0.60000     94.45000
     1.00000     91.24999
     1.40000     86.89999
     1.80000     82.30000
     2.20000     77.99999
     2.60000     65.14999
     3.00000     56.35000
     3.40000     48.60000
     3.80000     36.50000
     4.20000     27.05000
     4.60000     16.55000
     5.00000     10.25000
     5.40000      4.35000
     5.80000      1.30000
     6.20000      0.45000
     6.60000      0.30000
     7.00000      0.00000
     7.40000      0.00000
     7.80000      0.00000
     8.20000      0.00000
     8.60000      0.00000
     9.00000      0.00000
     9.40000      0.00000
     9.80000      0.00000
