    -9.80000      0.00000
    -9.40000      0.00000
    -9.00000      0.00000
    -8.60000      0.00000
    -8.20000      0.00000
    -7.80000      0.00000
    -7.40000      0.00000
    -7.00000      0.00000
    -6.60000      0.00000
    -6.20000      0.00000
    -5.80000      0.00000
    -5.40000      0.00000
    -5.00000      0.00000
    -4.60000      0.00000
    -4.20000      0.00000
    -3.80000      0.00000
    -3.40000      0.00000
    -3.00000      0.00000
    -2.60000      0.00000
    -2.20000      0.00000
    -1.80000      0.00000
    -1.40000      0.00000
    -1.00000      0.00000
    -0.60000      0.00000
    -0.20000      0.00000
     0.20000      0.00000
     0.60000      0.00000
     1.00000      0.00000
     1.40000      0.00000
     1.80000      0.00000
     2.20000      0.00000
     2.60000      0.00000
     3.00000      0.00000
     3.40000      0.00000
     3.80000      0.00000
     4.20000      0.00000
     4.60000      0.00000
     5.00000      0.00000
     5.40000      0.00000
     5.80000      0.00000
     6.20000      0.00000
     6.60000      0.00000
     7.00000      0.00000
     7.40000      0.00000
     7.80000      0.00000
     8.20000      0.00000
     8.60000      0.00000
     9.00000      0.00000
     9.40000      0.00000
     9.80000      0.00000
 after hadron evolution
    -9.80000      0.00000
    -9.40000      0.00000
    -9.00000      0.00000
    -8.60000      0.00000
    -8.20000      0.00000
    -7.80000      0.00000
    -7.40000      0.00000
    -7.00000      0.00000
    -6.60000      0.00000
    -6.20000      0.00000
    -5.80000      0.05000
    -5.40000      0.00000
    -5.00000      0.30000
    -4.60000      0.40000
    -4.20000      1.30000
    -3.80000      1.70000
    -3.40000      3.05000
    -3.00000      5.40000
    -2.60000      5.45000
    -2.20000      7.60000
    -1.80000      8.70000
    -1.40000      9.60000
    -1.00000     11.20000
    -0.60000     11.35000
    -0.20000     12.05000
     0.20000     11.50000
     0.60000     11.85000
     1.00000     11.00000
     1.40000     10.85000
     1.80000      9.20000
     2.20000      9.00000
     2.60000      6.95000
     3.00000      5.25000
     3.40000      4.65000
     3.80000      2.85000
     4.20000      1.70000
     4.60000      0.75000
     5.00000      0.40000
     5.40000      0.05000
     5.80000      0.00000
     6.20000      0.05000
     6.60000      0.00000
     7.00000      0.00000
     7.40000      0.00000
     7.80000      0.00000
     8.20000      0.00000
     8.60000      0.00000
     9.00000      0.00000
     9.40000      0.00000
     9.80000      0.00000
