    -9.80000      0.00000
    -9.40000      0.00000
    -9.00000      0.00000
    -8.60000      0.00000
    -8.20000      0.00000
    -7.80000      0.00000
    -7.40000      0.00000
    -7.00000      0.00000
    -6.60000      0.00000
    -6.20000      0.05000
    -5.80000      0.30000
    -5.40000      0.60000
    -5.00000      0.95000
    -4.60000      2.50000
    -4.20000      3.70000
    -3.80000      4.80000
    -3.40000      7.95000
    -3.00000      9.00000
    -2.60000     11.10000
    -2.20000     13.70000
    -1.80000     14.60000
    -1.40000     17.80000
    -1.00000     17.40000
    -0.60000     17.20000
    -0.20000     16.75000
     0.20000     16.70000
     0.60000     18.00000
     1.00000     18.25000
     1.40000     16.70000
     1.80000     16.75000
     2.20000     13.90000
     2.60000     14.90000
     3.00000     12.35000
     3.40000      9.40000
     3.80000      7.75000
     4.20000      5.30000
     4.60000      3.75000
     5.00000      3.00000
     5.40000      1.05000
     5.80000      0.90000
     6.20000      0.15000
     6.60000      0.15000
     7.00000      0.00000
     7.40000      0.00000
     7.80000      0.00000
     8.20000      0.00000
     8.60000      0.00000
     9.00000      0.00000
     9.40000      0.00000
     9.80000      0.00000
 after hadron evolution
    -9.80000      0.00000
    -9.40000      0.00000
    -9.00000      0.00000
    -8.60000      0.00000
    -8.20000      0.00000
    -7.80000      0.00000
    -7.40000      0.00000
    -7.00000      0.00000
    -6.60000      0.05000
    -6.20000      0.10000
    -5.80000      0.70000
    -5.40000      2.00000
    -5.00000      4.05000
    -4.60000      9.55000
    -4.20000     13.50000
    -3.80000     20.80000
    -3.40000     29.90000
    -3.00000     35.95000
    -2.60000     43.85000
    -2.20000     53.55000
    -1.80000     60.50000
    -1.40000     65.99999
    -1.00000     66.10000
    -0.60000     73.14999
    -0.20000     76.30000
     0.20000     78.95000
     0.60000     78.35000
     1.00000     72.05000
     1.40000     68.45000
     1.80000     64.80000
     2.20000     57.25000
     2.60000     57.15000
     3.00000     47.90000
     3.40000     37.15000
     3.80000     29.85000
     4.20000     21.15000
     4.60000     14.25000
     5.00000      8.30000
     5.40000      3.85000
     5.80000      2.00000
     6.20000      0.60000
     6.60000      0.15000
     7.00000      0.00000
     7.40000      0.00000
     7.80000      0.00000
     8.20000      0.00000
     8.60000      0.00000
     9.00000      0.00000
     9.40000      0.00000
     9.80000      0.00000
