0.215052
0.208409
0.175183
0.156209
0.145923
0.11816
0.110448
0.10813
0.103216
0.108296
0.108429
0.106195
0.104363
0.104982
0.104588
0.101015
0.101537
0.101127
0.0979832
0.100718
0.0970443
0.0946352
0.0925955
0.0933794
0.0918315
0.091813
0.091813
0.0919033
0.0913574
0.185331
0.187516
0.183134
0.174708
0.150465
0.138659
0.132495
0.126548
0.125274
0.121183
0.124491
0.130214
0.124491
0.116558
0.126429
0.126392
0.124542
0.124946
0.124037
0.126951
0.125456
0.126183
0.127133
0.12766
0.128105
0.129756
0.130476
0.135793
0.138445
0.127285
0.132396
0.116189
0.119655
0.124403
0.121085
0.122047
0.118163
0.113113
0.116356
0.12389
0.117224
0.121092
0.12733
0.124353
0.124015
0.112954
0.11079
0.111564
0.111582
0.111173
0.108296
0.1112
0.11103
0.11044
0.109957
0.106223
0.105243
0.106219
0.226206
0.2224
0.220288
0.216508
0.208692
0.198871
0.197049
0.186175
0.176173
0.176802
0.153673
0.149025
0.144968
0.136291
0.141244
0.138007
0.138959
0.101009
0.100453
0.0984354
0.099176
0.095467
0.0949756
0.0947063
0.0854879
0.103334
0.10338
0.104768
0.104341
0.331587
0.33901
0.335122
0.314484
0.310779
0.304995
0.301656
0.293842
0.282784
0.265478
0.26554
0.262103
0.262008
0.255251
0.234301
0.219524
0.224509
0.226688
0.225218
0.220579
0.222058
0.221518
0.223181
0.224335
0.222475
0.222092
0.222128
0.222745
0.219884
0.214154
0.213031
0.208247
0.201804
0.198915
0.192764
0.177865
0.181627
0.165101
0.165056
0.166794
0.16172
0.163093
0.158196
0.158274
0.136299
0.136388
0.146917
0.147693
0.147726
0.138071
0.136121
0.138159
0.138155
0.133947
0.134043
0.134665
0.134675
0.134475
0.0746661
0.082759
0.0823782
0.0697751
0.0736423
0.0787023
0.07986
0.072883
0.0710655
0.0747532
0.0700397
0.0790821
0.0808354
0.0814302
0.0723197
0.0723198
0.0601782
0.052305
0.0515464
0.0375635
0.0464827
0.0450975
0.0440941
0.0438327
0.0430517
0.0451465
0.0465311
0.0459655
0.047067
0.111062
0.113596
0.105844
0.107642
0.0989389
0.0952344
0.0875771
0.0838071
0.0862268
0.0878871
0.0876767
0.0885867
0.0939322
0.0972861
0.0965976
0.0925282
0.0957995
0.0990061
0.0960485
0.0964188
0.0976363
0.0916025
0.0905116
0.0841962
0.0842694
0.0860712
0.085609
0.0854827
0.0882276
0.252103
0.244323
0.241447
0.227351
0.218332
0.210202
0.203101
0.195323
0.184655
0.177806
0.176779
0.160629
0.163383
0.165744
0.166013
0.16396
0.164341
0.163983
0.165547
0.164339
0.163174
0.162625
0.162404
0.162852
0.163888
0.149329
0.161406
0.159255
0.150381
0.231601
0.23647
0.242833
0.227774
0.221877
0.207942
0.203542
0.192691
0.182135
0.173365
0.163574
0.158701
0.159263
0.156891
0.158677
0.154468
0.15425
0.149853
0.135776
0.135996
0.133158
0.126949
0.126224
0.0876092
0.0771299
0.0777293
0.0781205
0.0783989
0.0775918
0.140556
0.142448
0.123686
0.10984
0.0875507
0.061786
0.0524968
0.0465761
0.0351847
0.0193782
0.0144537
0.0153804
0.0229123
0.0236352
0.0289698
0.0334125
0.0493939
0.0506064
0.0507474
0.0539834
0.05692
0.0569093
0.057671
0.0420499
0.0418843
0.0434776
0.0430356
0.0430356
0.0433644
0.254703
0.249828
0.236566
0.234262
0.230471
0.222671
0.220581
0.218433
0.222728
0.221845
0.197667
0.188266
0.188682
0.189788
0.184581
0.183164
0.183402
0.183226
0.17561
0.176838
0.174896
0.173755
0.166327
0.164862
0.164869
0.180742
0.175487
0.175869
0.176041
0.126721
0.124133
0.110685
0.101535
0.0810888
0.0820889
0.073431
0.086426
0.0719243
0.0756494
0.0668081
0.0694562
0.06878
0.0657584
0.0631386
0.0606253
0.0918807
0.0922287
0.0894873
0.0899924
0.0953149
0.0993378
0.0988567
0.102805
0.101076
0.101373
0.100597
0.100538
0.100673
0.305885
0.306409
0.301607
0.288844
0.276452
0.253234
0.232265
0.216226
0.210645
0.190222
0.189173
0.172856
0.172739
0.171039
0.158439
0.158595
0.15803
0.13477
0.13
0.126583
0.122662
0.122895
0.122896
0.125064
0.124814
0.127985
0.129824
0.133132
0.133214
0.138416
0.145464
0.14305
0.133758
0.130133
0.126896
0.142269
0.137411
0.121351
0.116511
0.117176
0.108205
0.101019
0.0927185
0.0865807
0.0925992
0.0909489
0.0886912
0.094387
0.0947244
0.0933074
0.0882177
0.0899056
0.0965243
0.0856109
0.0888023
0.0909637
0.0893515
0.0916389
0.227309
0.230859
0.230433
0.223012
0.213504
0.203969
0.19469
0.177457
0.173922
0.168991
0.169531
0.164553
0.164422
0.156915
0.139845
0.132084
0.139121
0.123289
0.119539
0.134201
0.125882
0.122996
0.12123
0.131043
0.130661
0.130107
0.127741
0.123354
0.122696
0.169748
0.15315
0.161911
0.163005
0.161372
0.158612
0.14448
0.126875
0.130489
0.130595
0.130656
0.119537
0.106209
0.107792
0.107345
0.106075
0.106127
0.107306
0.0951181
0.0417719
0.0351704
0.0316279
0.0305313
0.0322122
0.0328097
0.0311222
0.0308347
0.0309713
0.0307195
0.102163
0.109577
0.118066
0.103867
0.104222
0.102705
0.0923717
0.0871438
0.0787534
0.0646635
0.0637746
0.0670378
0.0686955
0.0831253
0.0756817
0.0765591
0.0763737
0.0773241
0.0621488
0.0611779
0.0542645
0.0542979
0.054504
0.0409099
0.0403219
0.0396804
0.0370482
0.0382102
0.0441878
0.28156
0.281392
0.275545
0.27057
0.262602
0.256346
0.247966
0.246009
0.244158
0.240986
0.238998
0.241882
0.240052
0.238883
0.235625
0.235815
0.236421
0.25914
0.257782
0.252809
0.253611
0.254219
0.255521
0.25664
0.257056
0.257351
0.257374
0.257876
0.234333
0.0749743
0.0769597
0.0764948
0.076256
0.0631282
0.0644281
0.0675403
0.0709176
0.0768948
0.0698093
0.0719757
0.0738278
0.0699569
0.0691533
0.0664722
0.066301
0.0648111
0.0632148
0.0450374
0.0618907
0.0575859
0.0566772
0.0566552
0.0569409
0.0564616
0.0566236
0.0557346
0.0556621
0.0556831
0.174096
0.178899
0.159407
0.151288
0.1439
0.144723
0.126932
0.124161
0.115112
0.113468
0.11536
0.114549
0.108974
0.102896
0.103445
0.103
0.104233
0.103474
0.103471
0.100462
0.101728
0.108914
0.117136
0.12059
0.120113
0.120713
0.120982
0.118147
0.118144
0.163083
0.162866
0.162904
0.157778
0.157303
0.150395
0.132759
0.121618
0.128017
0.120303
0.116784
0.118614
0.122186
0.116953
0.112958
0.111913
0.113598
0.110825
0.109995
0.107746
0.105361
0.104561
0.103579
0.103714
0.106749
0.107155
0.104876
0.103282
0.111157
0.164267
0.158735
0.153456
0.157466
0.145883
0.133925
0.124324
0.111968
0.106751
0.110991
0.100815
0.093889
0.0960247
0.0939425
0.0818836
0.080761
0.0924182
0.0929051
0.0971284
0.0944296
0.0764682
0.0763528
0.0747028
0.0738157
0.0734206
0.074482
0.0729968
0.073576
0.0652217
0.13958
0.137362
0.128565
0.109732
0.0945442
0.0868655
0.0706245
0.0637727
0.0631372
0.0686587
0.0666001
0.0603122
0.0536996
0.0496888
0.0514257
0.0504673
0.0641689
0.0691439
0.0678281
0.0669872
0.0606629
0.0602435
0.0605586
0.0591817
0.0528696
0.0541169
0.0539709
0.0538791
0.0546796
0.275772
0.266659
0.252312
0.233848
0.21527
0.200357
0.188913
0.180588
0.175949
0.181844
0.19645
0.183471
0.183341
0.181916
0.18252
0.182244
0.181525
0.180988
0.182533
0.183286
0.181312
0.181745
0.182908
0.185086
0.18514
0.185512
0.183963
0.182302
0.179278
0.132992
0.140645
0.133324
0.126672
0.119221
0.116699
0.110176
0.108014
0.106025
0.0998841
0.0798212
0.0647306
0.0632102
0.063213
0.0621189
0.0634646
0.0602537
0.0598848
0.0602468
0.0702604
0.0732569
0.0766291
0.0770691
0.0766477
0.0773254
0.0759915
0.0729731
0.0739313
0.0732134
0.396441
0.39904
0.391824
0.381165
0.374121
0.362454
0.339803
0.337337
0.336823
0.334744
0.319368
0.313104
0.300057
0.29419
0.294478
0.294334
0.294001
0.292805
0.288702
0.290354
0.290656
0.288247
0.290811
0.290897
0.290907
0.290864
0.290767
0.291005
0.275652
0.140733
0.144323
0.142689
0.134408
0.138353
0.121318
0.107792
0.0934924
0.0899424
0.0775781
0.0805207
0.074274
0.0733176
0.0723608
0.0915763
0.0883431
0.0866459
0.0848526
0.084191
0.0836629
0.0829188
0.0807332
0.0771949
0.0772412
0.0774398
0.0689435
0.0678699
0.0674251
0.0410574
0.251817
0.251042
0.244708
0.238347
0.223372
0.206812
0.198905
0.203331
0.196075
0.191405
0.172914
0.163463
0.163561
0.16407
0.165341
0.162828
0.152823
0.152264
0.149918
0.1477
0.145386
0.14868
0.143936
0.142627
0.128403
0.127885
0.130321
0.120514
0.120514
0.231569
0.22955
0.237381
0.234776
0.226611
0.222929
0.215654
0.201412
0.199578
0.193331
0.193354
0.183609
0.183673
0.194542
0.195548
0.196939
0.194592
0.195143
0.196496
0.194046
0.193988
0.191683
0.18979
0.188988
0.188804
0.190261
0.189182
0.189723
0.18926
0.146766
0.138877
0.142078
0.137831
0.129831
0.12869
0.125248
0.104138
0.107167
0.107372
0.110603
0.106551
0.118823
0.11476
0.116196
0.113694
0.104748
0.102648
0.114272
0.0977913
0.0997824
0.0997097
0.126538
0.125626
0.124049
0.124049
0.123808
0.123743
0.12371
0.103474
0.104069
0.0997578
0.090513
0.072539
0.0742377
0.0731514
0.0781691
0.0733833
0.0792886
0.0842975
0.0871205
0.074269
0.0753851
0.0728105
0.0666103
0.0667478
0.0736865
0.071777
0.0672084
0.0682593
0.0692843
0.0667251
0.0662633
0.0644415
0.064441
0.0682995
0.0666463
0.0664442
0.0929199
0.10246
0.0965345
0.0988689
0.0936633
0.105065
0.0991405
0.10417
0.104742
0.105183
0.106639
0.0957671
0.0975957
0.095524
0.0962935
0.0929917
0.0933428
0.0873497
0.0868878
0.092721
0.0905888
0.0901455
0.0888809
0.0882267
0.0893511
0.0885509
0.0885509
0.090378
0.0917011
0.391513
0.39463
0.385442
0.376718
0.357521
0.340775
0.312321
0.301314
0.283263
0.279197
0.275407
0.262516
0.257773
0.251238
0.248534
0.23453
0.230373
0.227486
0.226095
0.227817
0.227755
0.219257
0.219944
0.210342
0.210585
0.210007
0.210928
0.209705
0.203961
0.208179
0.209652
0.211146
0.200497
0.197692
0.176575
0.161582
0.146246
0.133024
0.11458
0.100083
0.0802367
0.0828826
0.0844284
0.0744208
0.0707263
0.0700962
0.0678068
0.069744
0.0665957
0.0663538
0.0671055
0.068458
0.0694355
0.0691019
0.068666
0.0726937
0.0726849
0.0726849
0.13355
0.144477
0.147719
0.146351
0.148387
0.147004
0.137199
0.130259
0.126972
0.125901
0.131297
0.116717
0.115057
0.113376
0.113189
0.11084
0.107151
0.108224
0.107007
0.1092
0.111434
0.10082
0.100289
0.0999772
0.0985375
0.102148
0.102931
0.101138
0.101184
0.0534012
0.0650797
0.0614801
0.0570959
0.0528977
0.0316403
0.0219753
0.0261772
0.0243276
0.0250411
0.028367
0.0232922
0.0223989
0.0230437
0.0192531
0.0193364
0.02731
0.0270847
0.0277281
0.0304634
0.0279138
0.0260829
0.0279632
0.0277855
0.0297868
0.0292036
0.0290544
0.0305213
0.0308842
0.134671
0.132297
0.131877
0.125751
0.111435
0.103595
0.0972224
0.0959441
0.0866366
0.0836296
0.0829307
0.0800123
0.0798411
0.0799203
0.0766672
0.0688741
0.0770262
0.0709478
0.0706156
0.0705852
0.0766853
0.079271
0.0806783
0.0785661
0.0777233
0.0774502
0.0734963
0.0734183
0.0682896
0.1979
0.211236
0.193948
0.190945
0.175898
0.164438
0.161172
0.153225
0.149399
0.147311
0.144982
0.143162
0.148536
0.150866
0.148466
0.141059
0.141668
0.142605
0.144213
0.14479
0.150163
0.151036
0.151774
0.150892
0.150759
0.202405
0.19969
0.199489
0.198434
0.106366
0.0979121
0.103461
0.108026
0.106461
0.106051
0.108172
0.107386
0.105976
0.0920358
0.0836243
0.0816413
0.0842021
0.0857252
0.0869516
0.0851085
0.0844157
0.0894988
0.0858064
0.0836103
0.0850921
0.0815985
0.081934
0.081528
0.0819895
0.0826439
0.0829849
0.0828122
0.0823048
0.351799
0.353546
0.331905
0.312127
0.305604
0.286707
0.269806
0.246173
0.232239
0.229126
0.226415
0.225293
0.226365
0.216629
0.208692
0.208515
0.205613
0.197923
0.198374
0.20217
0.174133
0.172964
0.17289
0.174449
0.175014
0.170641
0.167246
0.168618
0.168874
0.266345
0.2666
0.255404
0.241361
0.226853
0.221902
0.208024
0.193696
0.173635
0.16715
0.168026
0.158981
0.160762
0.156541
0.155925
0.152946
0.152784
0.151844
0.153017
0.149429
0.150857
0.150163
0.150587
0.150062
0.148672
0.143658
0.137028
0.13425
0.134734
0.0891088
0.0958685
0.0898944
0.0910186
0.0876805
0.0828488
0.0795323
0.0520035
0.0440643
0.038904
0.0327423
0.0327901
0.0348713
0.036389
0.051251
0.0514652
0.0513991
0.0510638
0.0494789
0.0497667
0.0468945
0.0464985
0.0454884
0.0470438
0.0496724
0.049401
0.049401
0.0499057
0.0440347
0.143909
0.150422
0.158827
0.169296
0.163654
0.167776
0.164454
0.164882
0.162173
0.153284
0.148113
0.137245
0.138487
0.148781
0.148318
0.150473
0.140497
0.136557
0.136955
0.13083
0.090352
0.0781855
0.0646905
0.0678409
0.0668546
0.0612244
0.0581671
0.0581229
0.0547045
0.133138
0.124533
0.114536
0.107399
0.0959746
0.0887258
0.0770978
0.0734665
0.0803172
0.0785547
0.0741709
0.085145
0.0741979
0.0652254
0.0670063
0.0691701
0.0707172
0.070348
0.0673293
0.0672227
0.0675706
0.0660042
0.0513137
0.0627225
0.0617535
0.0704017
0.0730539
0.0789496
0.0803054
0.218124
0.216075
0.213107
0.21735
0.222026
0.218556
0.225513
0.216983
0.218023
0.213546
0.213425
0.222568
0.22464
0.215447
0.212653
0.211237
0.210119
0.210289
0.210719
0.201815
0.198571
0.198706
0.193845
0.193158
0.193184
0.193674
0.19457
0.194682
0.194482
0.166814
0.166871
0.16187
0.147437
0.138434
0.123826
0.116093
0.09405
0.0791918
0.0776705
0.0821683
0.0688941
0.0675713
0.0564729
0.0584619
0.0480355
0.0479997
0.0483959
0.048296
0.048296
0.0496566
0.0482113
0.0467435
0.0482528
0.0479939
0.0479939
0.0478196
0.0481298
0.0470701
0.0881265
0.0824624
0.0823157
0.0759716
0.0634617
0.0699612
0.0696269
0.0802385
0.0786369
0.0722101
0.0710775
0.0679092
0.0644277
0.0720415
0.0754416
0.075892
0.0719376
0.0715482
0.0745579
0.0757169
0.0771697
0.0781676
0.0797504
0.0803631
0.0800367
0.0905311
0.0905767
0.113601
0.113601
0.202524
0.191889
0.190161
0.171708
0.16202
0.159979
0.163199
0.153687
0.138102
0.120345
0.112961
0.109806
0.10854
0.100294
0.0994832
0.100992
0.0996416
0.0947477
0.0945889
0.139042
0.138469
0.123109
0.120498
0.121265
0.119876
0.118817
0.119351
0.118958
0.118827
0.142232
0.137972
0.129444
0.133607
0.137185
0.130453
0.125637
0.118824
0.106866
0.103573
0.105382
0.102707
0.103066
0.101319
0.0999163
0.105686
0.11245
0.114183
0.123798
0.123127
0.122483
0.123907
0.15771
0.155744
0.155737
0.155581
0.165086
0.165246
0.166045
