0.061064
0.0646995
0.0697067
0.0641416
0.0735682
0.0755223
0.0738792
0.0922799
0.0787881
0.07632
0.0791514
0.0827534
0.08363
0.0870092
0.0872278
0.0904457
0.0897534
0.0880388
0.0870523
0.0866944
0.0869602
0.0899957
0.0858684
0.0863563
0.0854533
0.0854672
0.0854672
0.085589
0.0844947
0.101102
0.103301
0.0921875
0.0882865
0.0809935
0.0735347
0.0629426
0.0680132
0.0749365
0.0726434
0.0617065
0.0574017
0.053337
0.058242
0.0541905
0.054264
0.0570684
0.0584371
0.0597873
0.0591844
0.0606588
0.059387
0.0586349
0.0578659
0.0577642
0.0567434
0.0570365
0.0558269
0.0551605
0.151718
0.153672
0.163042
0.158434
0.158334
0.157298
0.155038
0.142712
0.140086
0.128159
0.135659
0.130574
0.124372
0.108441
0.0964436
0.0953753
0.101765
0.102755
0.101913
0.101937
0.100758
0.0992488
0.102309
0.102194
0.101882
0.102502
0.0824065
0.0829113
0.0767485
0.37709
0.374952
0.373599
0.358732
0.345809
0.33781
0.328366
0.312109
0.301926
0.296035
0.272491
0.267082
0.266069
0.257124
0.248343
0.244239
0.243071
0.203298
0.199785
0.195551
0.195448
0.194539
0.190322
0.190449
0.181671
0.18256
0.183542
0.180339
0.180149
0.136195
0.128645
0.119004
0.121191
0.117026
0.111635
0.111647
0.0964483
0.0968866
0.0907927
0.072011
0.0701778
0.0700291
0.0770574
0.0584993
0.0353158
0.0327388
0.0316049
0.0344377
0.0359742
0.0355859
0.0366574
0.034159
0.0357076
0.037335
0.0362526
0.0361229
0.0366844
0.0371021
0.259065
0.270003
0.260635
0.262754
0.254092
0.245844
0.235155
0.22686
0.220469
0.220491
0.20526
0.196434
0.195122
0.198919
0.198558
0.191381
0.19226
0.188736
0.190652
0.189179
0.189883
0.188477
0.187209
0.187238
0.184476
0.184408
0.183414
0.18344
0.183458
0.25049
0.249505
0.267185
0.270718
0.265113
0.253816
0.242293
0.234858
0.237569
0.219361
0.218796
0.216521
0.216629
0.217285
0.225679
0.223191
0.229388
0.235829
0.235809
0.236646
0.240275
0.240317
0.242322
0.242393
0.241188
0.241139
0.239668
0.240001
0.240501
0.424741
0.41741
0.40633
0.400396
0.384551
0.371397
0.361416
0.356767
0.330482
0.324024
0.316665
0.303768
0.302787
0.299568
0.29563
0.293911
0.291096
0.291185
0.294399
0.295368
0.295065
0.292033
0.291871
0.283644
0.284164
0.281401
0.281815
0.282444
0.280456
0.241953
0.241895
0.250685
0.249046
0.239057
0.239314
0.228673
0.221272
0.214696
0.206795
0.205335
0.189918
0.175435
0.172245
0.16731
0.164636
0.163652
0.16373
0.166367
0.165851
0.165397
0.164348
0.164365
0.163944
0.164124
0.148544
0.151012
0.151207
0.142233
0.310293
0.316354
0.31683
0.306179
0.299535
0.287827
0.261746
0.253841
0.231548
0.219677
0.212719
0.213707
0.211796
0.212569
0.212021
0.208257
0.207292
0.205963
0.193092
0.192167
0.192081
0.192037
0.19214
0.237255
0.23566
0.234032
0.233814
0.233677
0.234341
0.246991
0.256915
0.252862
0.244768
0.232225
0.212848
0.201449
0.197382
0.200954
0.208251
0.195417
0.194501
0.189296
0.189275
0.186637
0.191607
0.211782
0.210175
0.210371
0.215433
0.213859
0.213901
0.213317
0.210763
0.211017
0.213755
0.213294
0.213294
0.2135
0.359897
0.351965
0.359041
0.356781
0.355577
0.335071
0.336316
0.324027
0.322615
0.321788
0.309815
0.300752
0.300142
0.3013
0.281981
0.280762
0.281214
0.280132
0.274695
0.276385
0.276339
0.274745
0.264974
0.264461
0.264081
0.243581
0.240703
0.239974
0.240224
0.236401
0.233179
0.222755
0.218698
0.207642
0.206442
0.207246
0.192176
0.188223
0.190978
0.185106
0.183686
0.182711
0.182815
0.184587
0.183188
0.164336
0.165898
0.164796
0.165642
0.165512
0.156796
0.156795
0.152578
0.151501
0.151558
0.151749
0.151765
0.151866
0.250182
0.248269
0.251912
0.249948
0.247019
0.226779
0.219705
0.214245
0.203379
0.21395
0.210136
0.218452
0.214337
0.21621
0.219915
0.217179
0.216894
0.226365
0.225448
0.229446
0.227925
0.226564
0.220985
0.22268
0.220592
0.221536
0.219278
0.216361
0.216351
0.0577499
0.0640245
0.0774593
0.070822
0.0585706
0.0695112
0.0659571
0.0639367
0.0605653
0.0615687
0.052453
0.0490682
0.0482369
0.0387954
0.0325659
0.0221794
0.0216012
0.0152019
0.0209217
0.0211266
0.0196469
0.0107885
0.0157728
0.0168087
0.019524
0.0200195
0.0352829
0.0440886
0.038702
0.17223
0.172401
0.173424
0.165564
0.158011
0.146776
0.138817
0.128308
0.119888
0.118884
0.120573
0.117988
0.117838
0.122099
0.114285
0.114463
0.0983315
0.11204
0.1029
0.0963674
0.108621
0.104628
0.105082
0.0912185
0.0913379
0.092039
0.0910534
0.0935347
0.0917027
0.460399
0.465689
0.452862
0.44068
0.422108
0.410801
0.415924
0.39626
0.374602
0.374498
0.376003
0.349264
0.348694
0.34905
0.347601
0.340679
0.337059
0.337388
0.327362
0.305388
0.299022
0.296903
0.29159
0.285812
0.289819
0.288815
0.289118
0.289067
0.28857
0.0851239
0.0980458
0.0873836
0.0879366
0.0873265
0.0853723
0.0772007
0.0725724
0.0711502
0.0729069
0.0695171
0.061927
0.0609869
0.0609447
0.045026
0.0436436
0.0390096
0.0368199
0.0459457
0.046107
0.0358257
0.0352222
0.0353992
0.040615
0.0407663
0.0410697
0.0432139
0.0432376
0.0417683
0.118764
0.116243
0.11588
0.111718
0.101801
0.102298
0.0973415
0.0922315
0.0873313
0.079344
0.0777322
0.075696
0.0747522
0.0726568
0.0731088
0.0725129
0.0721852
0.0671856
0.0664039
0.0686334
0.0647414
0.0641368
0.064162
0.0648183
0.0653003
0.064981
0.0649876
0.0640193
0.0534561
0.214943
0.21548
0.209801
0.207254
0.206616
0.20449
0.206287
0.200736
0.188349
0.181214
0.178062
0.166989
0.159524
0.154056
0.150538
0.151343
0.150173
0.148404
0.129173
0.130477
0.129754
0.129928
0.129799
0.127758
0.128999
0.127307
0.126214
0.125487
0.125547
0.366758
0.361039
0.358505
0.345246
0.328163
0.311663
0.298309
0.296673
0.290722
0.286364
0.273066
0.271142
0.267055
0.263532
0.263897
0.258999
0.260834
0.258554
0.257212
0.255964
0.256638
0.251871
0.241988
0.240349
0.23472
0.23434
0.234315
0.233041
0.233534
0.139526
0.133631
0.130298
0.122409
0.118885
0.11937
0.121427
0.121992
0.129637
0.124943
0.124493
0.127567
0.127564
0.111984
0.110231
0.108258
0.0952018
0.0943052
0.0945866
0.0935149
0.0955309
0.098474
0.0991273
0.101084
0.0976377
0.0973244
0.0942517
0.0937536
0.0912661
0.199078
0.204494
0.196025
0.186434
0.184727
0.181576
0.167541
0.160236
0.151092
0.145485
0.142925
0.149396
0.140855
0.143261
0.152848
0.153875
0.13295
0.125371
0.130743
0.128999
0.149278
0.149624
0.150341
0.150704
0.151178
0.149498
0.151272
0.143289
0.155956
0.284127
0.283206
0.279587
0.274921
0.262107
0.255153
0.250616
0.244105
0.240646
0.236339
0.235061
0.228613
0.22233
0.227128
0.226487
0.227757
0.226189
0.22399
0.219712
0.220193
0.21482
0.215097
0.21488
0.214946
0.203379
0.200267
0.202776
0.20216
0.201273
0.0419507
0.0441952
0.0369509
0.0407837
0.0418651
0.0365365
0.03451
0.0410996
0.0454148
0.0411411
0.0506063
0.0498724
0.0501802
0.0511208
0.0499514
0.0364254
0.0343376
0.0350705
0.0345658
0.0344183
0.0309786
0.0307004
0.0309607
0.0307151
0.0306762
0.0310563
0.0261328
0.0203925
0.0194003
0.240885
0.239397
0.242599
0.255498
0.258701
0.254843
0.241486
0.239324
0.243496
0.244413
0.240659
0.23245
0.218574
0.219311
0.212323
0.21313
0.214496
0.213737
0.21328
0.204118
0.203356
0.199573
0.199542
0.199274
0.200133
0.198317
0.197179
0.19754
0.196484
0.0316211
0.028925
0.038252
0.0425464
0.0326765
0.033933
0.0399827
0.0370717
0.0402427
0.0378459
0.0295307
0.0320439
0.0422739
0.0434638
0.0399133
0.0382749
0.0383737
0.0367919
0.0374377
0.0332597
0.0337571
0.0331893
0.0311952
0.0312521
0.0305675
0.0267619
0.026796
0.0268423
0.0336925
0.281561
0.277139
0.277943
0.276779
0.269082
0.255889
0.239712
0.233151
0.230925
0.218679
0.210926
0.210138
0.208278
0.203836
0.185467
0.199825
0.196525
0.202313
0.193992
0.190156
0.187758
0.185188
0.183383
0.183895
0.183987
0.191656
0.191917
0.190492
0.210895
0.247148
0.248785
0.240318
0.240284
0.236775
0.22183
0.209695
0.196433
0.18886
0.193086
0.197329
0.1966
0.195257
0.193239
0.184862
0.184822
0.178343
0.176528
0.174527
0.172448
0.173171
0.176976
0.178975
0.178705
0.18992
0.189096
0.184779
0.201629
0.201629
0.0535413
0.0552935
0.0459637
0.0369601
0.0417085
0.0379064
0.0412319
0.0461551
0.0513471
0.0421802
0.0466875
0.0481405
0.048965
0.0599944
0.0549698
0.0541689
0.0537714
0.0527157
0.0518289
0.0519288
0.050729
0.0498634
0.0519864
0.0512454
0.051166
0.0501228
0.0498808
0.0477557
0.0468423
0.348698
0.342519
0.341414
0.331341
0.322041
0.311845
0.298659
0.275285
0.276008
0.274998
0.278224
0.275662
0.258641
0.259406
0.266325
0.261564
0.258613
0.258166
0.245624
0.241584
0.236595
0.235787
0.182715
0.181688
0.180028
0.180028
0.179874
0.179837
0.183663
0.282729
0.283151
0.266153
0.263853
0.267379
0.262076
0.257894
0.247778
0.247372
0.234868
0.23576
0.235833
0.200164
0.207751
0.208713
0.207081
0.205064
0.197041
0.188674
0.187161
0.188597
0.177682
0.17828
0.177872
0.175148
0.175154
0.169536
0.16867
0.168584
0.220001
0.221068
0.213162
0.203387
0.195509
0.188675
0.187381
0.178297
0.174299
0.172968
0.161868
0.160027
0.159693
0.162571
0.160584
0.157158
0.157189
0.150945
0.150416
0.145403
0.147772
0.147134
0.139918
0.140247
0.140204
0.137033
0.137033
0.136389
0.137646
0.275067
0.278968
0.282569
0.282257
0.273961
0.262778
0.248875
0.240469
0.226269
0.220123
0.205872
0.196068
0.19038
0.18513
0.186352
0.18572
0.182521
0.180589
0.181808
0.172108
0.17226
0.185867
0.185182
0.174944
0.175053
0.174825
0.174405
0.174501
0.178767
0.226175
0.228811
0.225094
0.214716
0.211562
0.205416
0.196507
0.194653
0.185952
0.175598
0.173973
0.172792
0.171678
0.154173
0.150311
0.146592
0.146447
0.145458
0.141808
0.146014
0.147317
0.14715
0.146216
0.146865
0.145754
0.143391
0.142207
0.142473
0.142473
0.305943
0.311719
0.31457
0.309187
0.304649
0.30552
0.294867
0.291942
0.279498
0.273284
0.261141
0.258481
0.259661
0.261929
0.259592
0.257613
0.255733
0.257862
0.25688
0.25035
0.249849
0.244125
0.244908
0.245334
0.244025
0.241407
0.240562
0.239062
0.2387
0.281965
0.285948
0.285288
0.281778
0.280357
0.271386
0.248545
0.233475
0.222301
0.22105
0.206352
0.210883
0.212211
0.2138
0.214675
0.214596
0.229415
0.233584
0.233154
0.233043
0.232701
0.23273
0.234566
0.234365
0.233673
0.233992
0.234252
0.233697
0.232092
0.261809
0.254289
0.251279
0.244109
0.239311
0.236806
0.223385
0.219518
0.21502
0.213846
0.215791
0.211907
0.207985
0.207152
0.20634
0.210481
0.188164
0.178957
0.178484
0.178679
0.172387
0.168403
0.168424
0.169213
0.169363
0.170456
0.166921
0.16702
0.163175
0.216942
0.196542
0.204425
0.200511
0.18639
0.179731
0.177983
0.173529
0.170068
0.171035
0.16127
0.149238
0.151224
0.151745
0.15162
0.152177
0.152125
0.151995
0.151724
0.147168
0.147142
0.142536
0.142634
0.143052
0.143055
0.168297
0.165895
0.165499
0.163841
0.241389
0.233514
0.228287
0.215233
0.204541
0.201848
0.204326
0.204246
0.19071
0.192734
0.170399
0.163941
0.167283
0.168272
0.167038
0.164229
0.16513
0.181791
0.179986
0.178497
0.179455
0.176379
0.175943
0.174543
0.174526
0.177501
0.176854
0.176816
0.175982
0.15698
0.159272
0.155513
0.149133
0.141076
0.14702
0.140277
0.131395
0.136864
0.135152
0.134213
0.124718
0.117236
0.110681
0.111728
0.109671
0.110081
0.115295
0.118721
0.124704
0.109807
0.110582
0.110576
0.109989
0.108729
0.106072
0.104319
0.106816
0.10701
0.269529
0.276586
0.277601
0.269821
0.262703
0.24955
0.240079
0.235547
0.229053
0.233492
0.234194
0.230692
0.22547
0.218686
0.215651
0.214959
0.215797
0.213477
0.213018
0.208339
0.209337
0.209407
0.206518
0.206435
0.207225
0.208716
0.207644
0.207965
0.208793
0.311642
0.314838
0.314652
0.306065
0.294452
0.286054
0.276105
0.23357
0.230394
0.219868
0.209021
0.218078
0.217629
0.217269
0.230629
0.226565
0.22592
0.225524
0.228108
0.228165
0.228152
0.228599
0.227826
0.22705
0.216177
0.215943
0.215943
0.215344
0.21039
0.307181
0.311504
0.306463
0.28742
0.279135
0.268008
0.258912
0.247167
0.247154
0.231662
0.232983
0.229114
0.225809
0.225213
0.225025
0.222879
0.221691
0.21663
0.216715
0.215627
0.166669
0.174676
0.167798
0.165001
0.162657
0.159688
0.163105
0.163461
0.166161
0.107335
0.113131
0.107957
0.101755
0.0887257
0.100012
0.108843
0.105271
0.105092
0.102168
0.100155
0.109751
0.0995641
0.103112
0.105092
0.108997
0.10974
0.106404
0.105079
0.104864
0.104948
0.103814
0.0910676
0.0797833
0.083726
0.0891028
0.0887274
0.107484
0.108423
0.37848
0.377334
0.383059
0.376052
0.364685
0.345285
0.331385
0.313289
0.308744
0.305268
0.30311
0.27457
0.268927
0.281225
0.281666
0.280372
0.277714
0.278618
0.280839
0.281944
0.280749
0.280598
0.277589
0.277908
0.27905
0.278128
0.277156
0.276846
0.276819
0.420848
0.417233
0.408477
0.385101
0.374042
0.354483
0.350246
0.333777
0.324546
0.32824
0.30864
0.314429
0.302968
0.296147
0.293129
0.257029
0.256682
0.256788
0.256637
0.256637
0.25861
0.256922
0.255677
0.254761
0.254913
0.254913
0.254844
0.255472
0.25166
0.255103
0.260203
0.241668
0.237142
0.232371
0.228063
0.231714
0.2175
0.21524
0.210293
0.205112
0.20701
0.207096
0.205918
0.20115
0.198718
0.212872
0.207393
0.204159
0.201303
0.196849
0.195151
0.193977
0.194333
0.194285
0.202303
0.202194
0.232763
0.232763
0.559548
0.562781
0.557282
0.533457
0.521831
0.509475
0.499168
0.489998
0.462885
0.43608
0.42282
0.393366
0.389235
0.378675
0.37841
0.375003
0.374114
0.370873
0.37013
0.328935
0.329684
0.318061
0.315092
0.312702
0.313636
0.315046
0.315291
0.315719
0.316691
0.174764
0.172864
0.177155
0.171976
0.167788
0.161554
0.162195
0.161929
0.159691
0.151622
0.149561
0.139383
0.136638
0.138741
0.14099
0.14415
0.125606
0.124976
0.13194
0.129897
0.129849
0.129529
0.0979368
0.0956779
0.0956339
0.0956227
0.0906221
0.0911783
0.0914158
