2.99637
2.99504
2.99602
2.96552
3.02289
3.00373
2.9926
2.96435
3.01429
3.03359
3.05101
3.05169
3.05442
3.05858
3.06137
3.07305
3.06081
3.07817
3.10073
3.10164
3.12482
0.0288105
0.0244985
0.0288838
0.0251238
0.0252163
0.0252163
0.0303978
0.0232094
0.779952
0.78273
0.830428
0.798522
0.848278
0.915391
0.875805
0.983317
1.03018
1.06512
1.0046
1.10914
1.17339
1.19378
1.18515
1.18484
1.17451
1.14618
1.14243
1.14109
1.11391
1.12223
1.09391
1.08789
1.09211
1.09394
1.091
1.04821
1.0489
0.157123
0.155273
0.136153
0.124055
0.146083
0.0955566
0.0660258
3.10436
3.09283
3.09681
3.08808
3.10787
3.10869
3.10445
3.09406
3.09335
2.97677
2.97797
2.97429
2.97721
2.98028
2.9747
2.97137
2.97081
2.96806
2.96536
2.96334
2.95991
2.97254
0.182029
0.197093
0.185564
0.176625
0.183587
0.196925
0.20161
0.209711
0.216885
0.218057
0.208066
0.223509
0.217072
0.226447
0.220701
0.217974
0.218444
0.217056
0.224429
0.225302
0.224749
0.230609
0.229521
0.228799
0.234634
0.18203
0.188815
0.186774
0.185929
0.887725
0.910386
0.862258
0.85085
0.832778
0.853365
0.848626
0.889738
0.889804
0.914317
0.891575
0.921419
0.91857
0.915615
0.91776
1.09389
1.08618
1.02756
1.03357
0.951375
0.941291
0.951068
0.956903
0.943313
0.938874
0.947676
0.954154
0.950505
0.969228
0.221943
0.241507
0.242227
0.237054
0.236197
0.225972
0.232315
0.215722
0.213456
0.219211
0.247742
0.246505
0.24023
0.235462
0.237476
0.281765
0.283356
0.312706
0.31189
0.313585
0.340547
0.336473
0.338355
0.322376
0.315475
0.315353
0.314811
0.314803
0.315455
1.01872
1.01077
1.00333
1.00581
1.00462
0.984575
0.961058
0.967806
0.964883
0.989787
0.995319
0.981452
0.980663
0.983718
1.03034
1.02954
1.03866
1.05437
1.05478
1.08824
1.11187
1.10349
1.10706
1.10671
1.10669
1.10637
1.10416
1.10312
1.10158
2.93039
2.94035
2.93773
2.9385
2.94655
2.9397
2.93237
2.93194
2.93203
2.92064
2.92831
2.90915
2.9232
2.91192
2.91547
2.91536
2.90929
2.91051
2.9112
2.9104
2.90793
2.91024
2.91176
2.91373
2.91281
2.91388
2.91276
2.91302
2.9127
0.00911406
3.13675
3.1147
3.12741
0.000698979
0.009564
0.000291956
3.12728
3.13578
3.13083
3.13404
3.13858
3.10292
3.10199
3.10734
3.1079
3.10439
3.09605
3.09935
3.09589
3.08823
3.08523
3.08006
3.07896
3.08126
3.08688
3.09043
3.09523
3.09916
0.302875
0.308043
0.309226
0.318849
0.318877
0.29981
0.283322
0.302516
0.288072
0.277262
0.264909
0.256563
0.251576
0.251388
0.253146
0.252109
0.250981
0.25553
0.25409
0.256781
0.25724
0.242205
0.24344
0.292389
0.296653
0.303938
0.303798
0.303565
0.304322
0.292538
0.305777
0.293311
0.291827
0.327857
0.315426
0.321404
0.354162
0.351771
0.325698
0.314744
0.318803
0.335605
0.338619
0.341655
0.358884
0.341797
0.34115
0.340898
0.345921
0.348177
0.348266
0.34914
0.317686
0.317478
0.315052
0.312777
0.312777
0.311236
0.216317
0.225442
0.231671
0.234716
0.232303
0.225346
0.220272
0.22392
0.227964
0.230647
0.277724
0.276989
0.276916
0.276278
0.321578
0.320085
0.321169
0.326137
0.32953
0.332438
0.329948
0.333408
0.332444
0.32979
0.330719
0.370638
0.369794
0.377025
0.376754
0.119548
0.140567
0.135105
0.104876
0.0997076
0.087712
0.0869915
0.0952958
0.0901104
0.0885589
0.0767844
0.0803408
0.0586062
0.0666459
0.0740585
0.0732815
0.161803
0.165153
0.174869
0.171655
0.160793
0.179296
0.178952
0.193171
0.197907
0.19983
0.198921
0.198518
0.198358
3.10597
3.09578
3.09805
3.10141
3.07668
3.08827
3.08654
3.06455
3.07053
3.05121
3.05173
3.03407
3.02497
3.02668
3.00437
2.99318
2.99456
2.96872
2.9749
2.9809
2.98497
2.98801
3.0003
3.00076
3.00697
3.00266
3.00378
3.00607
3.00628
1.99893
2.01974
2.05437
2.07272
2.05276
2.02588
2.02605
2.06609
2.22998
2.20058
2.22299
2.24226
2.2899
2.24258
2.39153
2.32943
2.34849
2.49676
1.93624
1.88841
1.88894
2.00354
2.04045
2.24122
2.42248
2.42305
2.38296
2.37624
2.42793
1.05405
1.05127
1.07255
1.08874
1.1014
1.11311
1.13028
1.12839
1.14914
1.14834
1.16092
1.16366
1.16725
1.21448
1.24059
1.25356
1.30542
1.33676
1.29949
1.18017
1.15801
1.153
1.14785
1.15705
1.15264
1.14867
1.17655
1.17521
1.17159
2.71081
2.70626
2.69554
2.70498
2.70315
2.70885
2.6973
2.70016
2.70525
2.7258
2.72817
2.72495
2.73849
2.73806
2.74283
2.73901
2.74399
2.74427
2.72888
2.80988
2.80277
2.80644
2.80653
2.81342
2.82079
2.82315
2.82353
2.8234
2.82152
0.399222
0.389493
0.356882
0.336763
0.33054
0.349024
0.318112
0.295155
0.253684
0.232145
0.192374
0.221066
0.233804
0.143095
0.172182
0.156554
0.139791
0.197176
0.429668
0.470582
0.49489
0.496761
0.498028
0.451284
0.455397
0.451622
0.511354
0.485193
0.551245
0.52709
0.562001
0.618671
0.635628
0.635225
0.618651
0.643246
0.663841
0.672842
0.691753
0.752422
0.758593
0.758952
0.775807
0.768395
0.755208
0.752117
0.959474
0.976389
1.01701
1.03026
1.02959
1.024
1.02239
1.02294
1.01912
1.01891
1.01825
1.489
0.0995495
0.0947612
0.0910414
0.0988028
0.0798089
0.068528
0.0749176
0.0578226
0.0498694
0.05463
0.0606358
0.0744053
0.0618491
0.0724775
0.0519876
0.0396879
0.041791
0.039688
0.069465
3.14005
0.0149487
0.0195115
0.0192332
0.0271317
0.0240497
0.0159534
0.0153381
0.016729
0.0170791
2.42992
2.43249
2.43442
2.42751
2.43497
2.45077
2.45235
2.45022
2.44443
2.44305
2.43466
2.43571
2.43566
2.42842
2.42659
2.41357
2.41566
2.41157
2.41222
2.41079
2.41443
2.4011
2.38621
2.38564
2.37161
2.37188
2.37295
2.37709
2.37724
0.139698
0.168407
0.166022
0.17204
0.168699
0.169747
0.1952
0.174832
0.195645
0.212582
0.219327
0.230815
0.238757
0.259836
0.268596
0.282005
0.304572
0.31294
0.30804
0.319314
0.319655
0.320763
0.327923
0.339548
0.297816
0.298132
0.297597
0.30364
0.349085
3.05833
3.10041
3.08985
3.06407
3.07692
3.08189
3.08567
3.09776
3.05644
3.04448
3.0613
3.05473
3.06247
3.07095
3.04647
3.05454
3.0845
0.0652217
0.0517132
0.0541438
0.0635976
0.0600513
0.05576
0.0517916
0.0484589
0.0529237
0.0507252
0.00541705
0.0249658
2.77803
2.774
2.78903
2.7941
2.77549
2.77641
2.78704
2.77462
2.76782
2.75941
2.74644
2.75321
2.75807
2.76616
2.76435
2.76312
2.78873
2.78879
2.79806
2.79551
2.79058
2.79295
2.79387
2.79645
2.80536
2.80167
2.79413
2.79427
2.79402
2.70246
2.64687
2.65611
2.64364
2.6576
2.78551
2.80315
2.72643
2.73366
2.70841
2.77368
2.84334
2.79089
2.78423
2.78277
2.78181
2.76288
2.76814
2.75577
2.7605
2.79138
2.7983
2.80995
2.77423
2.77557
2.77424
2.81844
2.86253
2.92789
3.08013
3.07323
3.08927
3.06926
3.07619
3.07588
3.04171
3.01358
3.01889
3.02847
3.0058
3.01886
3.0426
3.04179
3.03815
3.03384
3.03776
3.03388
3.0321
3.04786
3.05095
3.05271
3.05207
3.053
3.05422
3.05142
3.05482
3.0561
3.05651
0.377285
0.393238
0.356926
0.328481
0.347113
0.464814
0.459805
0.580966
0.519502
0.482859
0.492664
0.58716
0.609793
0.621178
0.587905
0.538097
0.605272
0.583967
0.634037
0.591663
0.59986
0.589391
0.592044
0.582564
0.589937
0.58024
0.580099
0.581753
0.719562
0.382762
0.386445
0.380058
0.37936
0.392382
0.395138
0.390553
0.368452
0.370194
0.380906
0.38739
0.397429
0.397205
0.399478
0.439679
0.501499
0.498082
0.497993
0.503016
0.505303
0.505991
0.506266
0.500408
0.501637
0.500988
0.505903
0.508912
0.506118
0.485896
2.51505
2.5022
2.5098
2.51684
2.53237
2.52451
2.52974
2.54527
2.55887
2.56749
2.58255
2.60718
2.61545
2.61413
2.62079
2.62069
2.61005
2.60823
2.60548
2.59856
2.60331
2.61236
2.60498
2.60644
2.63505
2.62759
2.62361
2.64807
2.64807
1.76836
1.74899
1.70449
1.80176
1.77198
1.72409
1.73662
1.85224
1.86438
1.87708
1.84253
1.93008
1.8773
1.93705
1.93437
1.92607
1.93417
1.92691
1.9339
1.91462
1.91565
1.94234
1.94162
1.94089
1.94316
1.99026
2.00196
1.99891
1.99745
0.392894
0.394095
0.398823
0.404789
0.409516
0.403758
0.409954
0.40062
0.403351
0.404346
0.408787
0.40292
0.416611
0.41691
0.417587
0.416468
0.424093
0.417713
0.407768
0.428421
0.43882
0.43623
0.292766
0.291357
0.286388
0.286388
0.286158
0.286049
0.277962
2.90996
2.89551
2.88469
2.89417
2.88703
2.88364
2.89645
2.90193
2.89604
2.90308
2.89077
2.88885
2.89603
2.90704
2.90682
2.91625
2.91539
2.90942
2.91489
2.91165
2.9033
2.91646
2.92064
2.9205
2.91217
2.91242
2.91638
2.91414
2.91392
3.02267
3.01523
3.01663
3.01551
3.01666
2.99486
3.0153
3.05668
3.05453
3.03273
3.04358
3.06999
3.07416
3.08105
3.08087
3.07814
3.07671
3.07331
3.07219
3.08784
3.0935
3.08813
3.08509
3.08368
3.08623
3.08725
3.08725
3.09427
3.09624
0.603263
0.608339
0.591752
0.590193
0.596894
0.60443
0.608634
0.607405
0.629036
0.621339
0.598192
0.610644
0.620059
0.601684
0.597927
0.622964
0.61927
0.610962
0.610233
0.584441
0.584867
0.605532
0.603215
0.613805
0.615159
0.615101
0.612802
0.609952
0.601727
2.17932
2.17001
2.15776
2.17264
2.17854
2.15771
2.17966
2.19382
2.21558
2.17155
2.18591
2.13005
2.12776
2.09335
2.13146
2.13488
2.13811
2.14343
2.13414
2.13902
2.13704
2.14141
2.13977
2.16284
2.16748
2.17173
2.19589
2.19669
2.19669
2.98989
2.98293
3.00241
3.00236
3.0026
2.99969
3.00677
2.99566
3.00343
3.00242
2.98994
2.99486
2.98878
2.99084
3.00584
3.01069
3.01427
3.01099
3.00846
3.01712
3.01962
3.03559
3.0357
3.03644
3.04513
3.04024
3.04147
3.04689
3.04625
3.09794
3.08636
3.08599
3.09695
3.08991
3.0864
3.07346
3.08105
3.09175
3.08342
3.05461
3.04244
3.03824
3.04184
3.04362
3.04309
2.99308
3.00074
3.00071
3.00149
2.99873
2.99994
3.00038
3.00038
3.00336
3.00278
3.0012
3.00014
3.00068
2.99582
3.00765
3.01909
2.9986
3.00542
2.98707
2.97366
2.94449
2.94843
2.97172
2.96177
2.97434
2.98072
2.98023
2.98524
2.93779
2.99107
3.00656
3.00657
3.00754
3.00968
3.00798
3.00922
3.01379
3.01597
3.01581
3.01897
3.02184
3.02942
0.0766768
0.0868283
0.0667721
0.0688869
0.0496282
0.0365137
0.0295827
0.0388638
0.0194329
0.0220906
0.0335607
3.11484
0.00918206
0.0151223
0.0210078
0.0474791
0.0465369
0.0446477
0.0419344
0.0214764
3.1217
3.10386
3.09587
3.09736
3.0981
0.13441
0.124987
0.125678
0.129622
0.00461706
0.0160366
0.0418773
0.0453928
0.048197
0.0515849
0.058007
0.0739065
0.0498269
0.107756
0.0985003
0.10691
0.103543
0.103573
0.105754
0.104614
0.107493
0.186412
0.165188
0.169682
0.172826
0.181069
0.180032
0.176226
0.177087
0.173069
0.172409
0.172771
0.172488
2.86909
2.86421
2.88444
2.89499
2.86697
2.89418
2.92873
2.93117
2.93738
2.9583
2.9605
2.93453
2.94854
2.93966
2.91992
2.91282
2.90693
2.90073
2.89722
2.88234
2.80034
2.79414
2.79491
2.81372
2.80909
2.82242
2.83402
2.82862
2.82905
0.0122243
0.0108148
0.007695
0.0122812
0.0161366
0.0103405
0.0031491
3.13418
3.12064
0.00491068
3.1398
3.13422
0.00365572
0.0123933
0.00760651
0.00268309
0.00383166
0.0129099
0.011099
3.1363
3.13274
3.134
3.1258
3.12572
3.12703
3.13557
3.11326
3.11886
3.11794
2.60972
2.61313
2.61175
2.58459
2.58581
2.5689
2.59621
2.62422
2.62235
2.61189
2.60226
2.58708
2.58943
2.59042
2.57892
2.58243
2.58288
2.58746
2.58983
2.5904
2.60007
2.59735
2.59446
2.59232
2.59226
2.58843
2.58843
2.58959
2.59973
2.74173
2.73341
2.73421
2.73548
2.74482
2.73311
2.73097
2.72204
2.71353
2.69883
2.68809
2.67152
2.66872
2.63615
2.63606
2.63966
2.63193
2.61762
2.61724
2.61924
2.6253
2.65322
2.72288
2.71358
2.7139
2.77122
2.7725
2.77101
2.75755
2.7454
2.73182
2.7654
2.75115
2.72941
2.71643
2.71123
2.7216
2.70771
2.68055
2.68248
2.67321
2.67282
2.68043
2.69793
2.66072
2.66553
2.67396
2.67895
2.67902
2.68041
2.68516
2.67003
2.66488
2.66573
2.63067
2.63351
2.70156
2.69999
0.0171112
0.0355773
0.0349307
0.0192878
0.013328
0.0295425
0.0413562
0.0292119
0.023135
0.0237864
0.0256238
0.0270954
0.0298422
0.0209102
0.0153628
0.0132566
0.0173787
0.0196328
0.0170362
0.0267362
0.0297146
0.0299615
0.0351552
0.0341194
0.0352981
0.0308292
0.0301202
0.0302623
0.0320852
0.765618
0.77627
0.785501
0.792824
0.802271
0.803663
0.805751
0.800755
0.801948
0.798813
0.78551
0.809244
0.800364
0.805146
0.811192
0.807823
0.807827
0.807188
0.806683
0.806683
0.814312
0.815656
0.811484
0.81393
0.813652
0.813652
0.8138
0.812884
0.812121
2.66129
2.65288
2.63707
2.61835
2.59284
2.59389
2.57328
2.57559
2.58134
2.58906
2.57603
2.572
2.5791
2.57138
2.58821
2.59038
2.57149
2.57351
2.57665
2.58744
2.58913
2.59125
2.59388
2.59157
2.59118
2.57571
2.57568
2.6726
2.6726
2.96876
2.96726
2.97144
2.97526
2.97982
2.98615
2.98598
2.99089
2.99162
2.98671
2.98483
2.99591
3.00646
3.00977
3.009
3.01296
3.01367
3.02039
3.01866
3.07415
3.07322
3.08486
3.08122
3.08132
3.08049
3.0818
3.08215
3.0825
3.08239
2.21744
2.20265
2.20706
2.20162
2.16333
2.14708
2.1696
2.16112
2.18374
2.1966
2.22053
2.23199
2.22351
2.22476
2.22886
2.24849
2.38231
2.36895
2.38075
2.37824
2.37425
2.37875
2.48089
2.47533
2.47522
2.47676
2.50541
2.50767
2.51216
