0.791706
0.80197
0.802348
0.804552
0.787675
0.808613
0.826929
0.838824
0.885572
0.916196
0.933549
0.930646
0.930192
0.942505
0.94447
0.965343
0.96531
0.974349
0.961042
0.962438
0.953322
0.963237
0.963848
0.963747
0.959322
0.959306
0.959306
0.960404
0.952466
0.830164
0.844703
0.881502
0.919034
0.878548
0.900408
0.895272
0.926344
0.943317
0.97288
1.00893
1.03078
1.01442
1.01457
1.02016
1.02048
1.04218
1.05946
1.0708
1.07029
1.07578
1.07271
1.06591
1.06651
1.06708
1.06873
1.06968
1.06055
1.05829
1.53776
1.54463
1.56441
1.58928
1.58385
1.5871
1.59761
1.572
1.54652
1.51523
1.52457
1.51779
1.52621
1.55816
1.52852
1.52475
1.46556
1.46986
1.46595
1.46642
1.45875
1.45881
1.46421
1.46483
1.46853
1.47146
1.40908
1.40918
1.41288
0.989182
0.984944
0.9767
0.984669
1.01082
1.02409
1.04698
1.06408
1.07226
1.07114
1.11057
1.13337
1.13205
1.1501
1.17976
1.17221
1.17667
1.15603
1.15507
1.15586
1.15442
1.14088
1.13556
1.13576
1.13728
1.16436
1.17464
1.18181
1.18223
1.11295
1.1167
1.11635
1.12783
1.12548
1.11186
1.11545
1.11794
1.11837
1.11532
1.11891
1.11597
1.11053
1.10813
1.13479
1.17603
1.17501
1.18068
1.18365
1.19196
1.19156
1.19353
1.18693
1.18647
1.18572
1.18584
1.18683
1.18806
1.18609
0.693412
0.707867
0.710882
0.718693
0.716244
0.726342
0.722382
0.709502
0.718786
0.708473
0.684069
0.663683
0.661043
0.659374
0.663065
0.666224
0.667183
0.666747
0.668625
0.670205
0.682623
0.681354
0.681806
0.666009
0.661008
0.66175
0.659049
0.659131
0.658796
0.161531
0.101566
0.127648
0.123458
0.129128
0.140167
0.132347
0.185805
0.164828
0.0521879
0.061197
0.0346558
0.0247097
0.0171048
2.07931
2.06344
0.0119135
0.0102892
0.0153161
2.04888
2.0664
2.04265
2.04853
2.04887
2.05643
2.05686
2.05512
2.04149
2.04844
1.9685
1.99334
1.99793
2.002
2.04551
2.03604
2.03214
2.03206
2.06964
2.06086
2.02458
2.01607
1.99966
2.04031
2.04137
2.04964
2.06649
2.05407
2.02716
2.02814
2.03379
2.02705
2.03575
2.05829
2.06205
2.0499
2.04661
2.0434
2.04567
1.06327
1.05932
1.05233
1.06561
1.07872
1.07972
1.09762
1.10552
1.08041
1.06761
1.07317
1.08495
1.0928
1.07944
1.07344
1.06942
1.05861
1.05298
1.0492
1.04776
1.04097
1.03892
1.042
1.0453
1.04648
1.06177
1.05111
1.04711
1.0484
0.188524
0.193448
0.184425
0.188288
0.204211
0.210133
0.208864
0.200358
0.19115
0.18433
0.171618
0.169849
0.168903
0.168182
0.173146
0.174436
0.174239
0.178712
0.173564
0.174587
0.188496
0.197246
0.196558
0.369328
0.363463
0.384929
0.386863
0.387184
0.389183
1.76168
1.78863
1.78844
1.75212
1.74171
1.78454
1.79606
1.75
1.64215
1.46097
1.28383
1.26165
1.09502
1.11475
1.08809
1.06613
0.926513
0.933645
0.935381
0.926401
0.927358
0.922377
0.923057
0.877422
0.874831
0.878028
0.8749
0.8749
0.872241
1.40501
1.40277
1.38114
1.37455
1.37124
1.35035
1.33123
1.32687
1.32749
1.32591
1.28287
1.27797
1.27556
1.27801
1.23674
1.23549
1.23583
1.24291
1.24266
1.24226
1.24307
1.23265
1.21941
1.22192
1.22327
1.18661
1.18235
1.17564
1.17522
1.45473
1.47055
1.4369
1.44089
1.43998
1.4717
1.48179
1.54222
1.52252
1.52556
1.50784
1.51826
1.5536
1.53996
1.5364
1.54548
1.57463
1.57339
1.56757
1.56603
1.57326
1.60927
1.60768
1.62659
1.62618
1.62892
1.6275
1.62695
1.62823
1.09098
1.08546
1.07734
1.08628
1.08518
1.08484
1.07952
1.07904
1.05184
1.05396
1.05286
1.04402
1.03674
1.03565
1.03763
1.02519
1.02994
1.0432
1.03856
1.05542
1.05177
1.04892
1.05931
1.05949
1.0493
1.04837
1.04928
1.04262
1.04294
1.64408
1.64886
1.6325
1.61663
1.60039
1.55835
1.53774
1.54106
1.53612
1.51065
1.50942
1.48963
1.48614
1.49029
1.5194
1.50538
1.49733
1.4747
1.41964
1.42065
1.42419
1.3986
1.34915
1.34585
1.32276
1.32347
1.38114
1.34828
1.32051
0.244575
0.238542
0.229355
0.212545
0.189015
0.172824
0.15358
0.149858
0.126723
0.11774
0.127519
0.128732
0.125162
0.12103
0.107212
0.109062
0.0728796
0.089133
0.115946
0.0695024
0.0345946
0.0248737
0.0245366
0.0217362
0.0221149
0.0202551
0.00506043
0.00875274
0.00883627
1.1174
1.1157
1.09963
1.11703
1.13846
1.14232
1.1349
1.10323
1.05582
1.04714
1.05475
1.00253
1.01847
1.01175
1.02681
1.07046
1.07243
1.07422
1.06192
1.0875
1.09709
1.08385
1.13102
1.18249
1.22733
1.22537
1.23071
1.22925
1.21444
1.26368
1.28119
1.26883
1.24228
1.24051
1.23306
1.2115
1.18808
1.1774
1.13794
1.15165
1.14795
1.1528
1.15299
1.18862
1.17939
1.1807
1.16499
1.08863
1.06056
1.00554
0.998921
0.997951
1.03278
1.03241
1.02146
0.959906
0.875854
0.865748
1.16165
1.15226
1.15687
1.16008
1.18324
1.1761
1.171
1.1697
1.16947
1.16897
1.15889
1.16063
1.16352
1.15684
1.14931
1.1502
1.14956
1.15285
1.15729
1.15524
1.15657
1.15658
1.15489
1.15423
1.15453
1.15378
1.15383
1.15239
1.07874
0.375211
0.372507
0.303355
0.298335
0.202785
0.16894
0.169883
0.110685
0.0900461
0.0564015
0.0249592
2.08823
2.03946
2.02261
2.05582
2.05372
2.05184
2.05163
0.0311752
2.07836
2.06092
2.05142
2.05065
2.03893
2.04172
2.03241
2.03817
2.04435
2.04363
0.537447
0.551597
0.543849
0.55178
0.553469
0.5381
0.550478
0.554502
0.581979
0.58414
0.590556
0.595452
0.589702
0.600124
0.601138
0.558442
0.551655
0.553703
0.557154
0.556165
0.555375
0.555222
0.572666
0.56856
0.542692
0.543963
0.549288
0.544913
0.546668
0.753788
0.716035
0.710358
0.707525
0.703715
0.697492
0.703665
0.712482
0.693262
0.68421
0.676936
0.679155
0.669912
0.668061
0.671812
0.65899
0.616658
0.612499
0.608463
0.594715
0.595452
0.605431
0.607901
0.617255
0.637115
0.637212
0.644972
0.644297
0.649385
0.949152
0.932085
0.940349
0.94785
0.94732
0.989943
1.00739
1.00496
0.97641
0.979168
0.968355
0.941821
0.943952
0.939071
0.906395
0.9022
0.886186
0.990475
1.0001
1.00098
1.07918
1.07823
1.08092
1.08787
1.08588
1.0766
1.069
1.02775
1.08427
0.310417
0.312968
0.293364
0.321949
0.335609
0.338006
0.323272
0.32352
0.309453
0.309993
0.297504
0.285033
0.312252
0.264859
0.249623
0.245593
0.239413
0.252682
0.272515
0.26525
0.237268
0.237827
0.236665
0.241747
0.187152
0.174827
0.1718
0.165091
0.167289
1.06119
1.04897
1.03981
1.05187
1.07518
1.05319
1.04817
1.05499
1.07905
1.0714
1.06946
1.07745
1.08579
1.07887
1.07717
1.0523
1.04761
1.04915
1.04874
1.04837
1.04192
1.04098
1.03734
1.04018
1.04
1.04009
1.03122
1.04346
1.04245
1.67977
1.67078
1.67653
1.69036
1.69069
1.69781
1.7187
1.67397
1.66672
1.6776
1.65423
1.65719
1.74182
1.74451
1.69965
1.69035
1.70739
1.72036
1.72192
1.70869
1.67453
1.69142
1.69099
1.68955
1.69329
1.68117
1.68624
1.68764
1.6798
1.67349
1.67086
1.67396
1.67351
1.67383
1.67901
1.67995
1.68141
1.69062
1.69682
1.69451
1.69768
1.701
1.70237
1.71219
1.70476
1.70349
1.70607
1.70446
1.70961
1.70912
1.7114
1.71389
1.71363
1.71428
1.70968
1.70963
1.7097
1.71634
1.04287
1.02268
1.01919
0.998641
0.997263
0.981592
0.993346
0.991563
0.968083
0.986393
0.976005
0.983023
0.988937
0.979314
0.981353
0.892866
0.884925
0.849504
0.866754
0.88189
0.883428
0.899902
0.901401
0.905457
0.904811
0.87633
0.879947
0.881915
0.883939
0.686228
0.69189
0.679267
0.671323
0.658087
0.651544
0.639479
0.62516
0.626664
0.631802
0.643124
0.620927
0.602835
0.601687
0.587621
0.59135
0.591761
0.597655
0.594874
0.599085
0.599486
0.592112
0.599608
0.599671
0.629256
0.620624
0.627243
0.68231
0.68231
2.04572
2.04501
2.05788
2.06332
2.06326
2.05495
2.05343
2.02854
2.02272
2.02862
2.04395
2.03448
2.04024
2.02227
2.03141
2.03221
2.03514
2.03831
2.03482
2.03334
2.03011
2.02709
2.02641
2.02871
2.02913
2.03712
2.03651
2.03257
2.03484
0.450255
0.439473
0.436909
0.445765
0.455965
0.451741
0.451392
0.416052
0.41257
0.407883
0.40563
0.397567
0.394462
0.391162
0.434973
0.447229
0.459347
0.461738
0.493636
0.485293
0.458811
0.462963
0.644154
0.645343
0.648612
0.648612
0.648726
0.648697
0.632678
0.994363
0.956314
0.951798
0.969306
0.979992
1.0549
1.0835
1.0605
1.05305
1.0558
1.06328
1.06049
1.07307
1.13175
1.1297
1.12432
1.10888
1.08246
1.09916
1.09162
1.07445
1.01158
1.01512
1.01648
1.00743
1.00809
0.998021
0.994582
0.994382
1.55264
1.51849
1.49855
1.43662
1.39315
1.37849
1.36629
1.38182
1.37766
1.37282
1.38144
1.38235
1.37779
1.37346
1.3921
1.41282
1.41147
1.40213
1.40222
1.41354
1.40673
1.39883
1.42856
1.42899
1.42832
1.41896
1.41896
1.41847
1.42571
0.612099
0.608989
0.610168
0.603612
0.604813
0.603761
0.601587
0.591935
0.597855
0.607217
0.622115
0.625146
0.631047
0.634189
0.63051
0.628147
0.623579
0.628526
0.629528
0.650658
0.650577
0.667071
0.668129
0.681175
0.681961
0.68216
0.680871
0.681026
0.67836
1.72212
1.7378
1.74945
1.75572
1.76742
1.7732
1.75937
1.77354
1.77489
1.78444
1.75563
1.72469
1.70031
1.68319
1.71235
1.73139
1.72829
1.72644
1.70514
1.69393
1.69805
1.68825
1.68721
1.67435
1.67359
1.67371
1.65606
1.65761
1.65761
0.193521
0.184069
0.188893
0.189579
0.19444
0.21905
0.229742
0.219334
0.244369
0.250543
0.258431
0.25545
0.242765
0.234053
0.223671
0.228539
0.230022
0.223306
0.22878
0.2543
0.25731
0.245367
0.247799
0.244138
0.242589
0.239074
0.241517
0.236521
0.238144
1.99528
2.01179
2.0621
0.0193556
0.0437614
0.0956941
0.273424
0.399424
0.522279
0.530447
0.500436
0.581607
0.603922
0.579289
0.652705
0.647439
0.197263
0.230041
0.22776
0.217774
0.230631
0.217567
0.232655
0.230267
0.229999
0.229469
0.236496
0.236835
0.22006
0.964758
0.956091
0.979158
1.01731
0.965874
0.947218
0.935924
0.954943
0.960083
0.932851
0.908471
0.910761
0.915677
0.921121
0.923415
0.960299
0.812107
0.85785
0.856471
0.858246
0.860381
0.869912
0.875347
0.872962
0.872042
0.86635
0.870989
0.877094
0.890761
1.13874
1.12968
1.12383
1.1148
1.1366
1.13442
1.13705
1.12487
1.12712
1.10222
1.09563
1.10365
1.0982
1.09867
1.10055
1.09492
1.09463
1.09142
1.09227
1.11424
1.0907
1.1027
1.09831
1.09785
1.09718
1.08944
1.09999
1.10051
1.10064
0.51423
0.533207
0.533333
0.555609
0.597396
0.562739
0.563702
0.569153
0.564724
0.539147
0.636499
0.633253
0.641091
0.646015
0.64851
0.648737
0.655134
0.545878
0.527662
0.530769
0.532892
0.517473
0.517542
0.513592
0.514154
0.531534
0.528877
0.528419
0.528713
1.32004
1.32906
1.31899
1.30863
1.3112
1.30012
1.30622
1.29075
1.2839
1.27966
1.28502
1.28439
1.29162
1.28856
1.28009
1.2837
1.28125
1.28398
1.28616
1.27835
1.28932
1.29066
1.29062
1.28411
1.28331
1.28127
1.28005
1.27832
1.27761
0.0123414
0.0128654
0.0199183
0.0144234
0.0245463
0.020062
0.0294243
0.0109997
0.0181618
0.0109193
0.00892311
2.09346
2.09182
0.0136363
0.0029473
0.00552728
0.00326579
0.0148463
0.0226247
0.0364599
0.0355547
0.0345325
0.0191766
0.0191286
0.0181427
0.0194456
0.0380849
0.0479726
0.0488078
1.44398
1.48138
1.4856
1.42178
1.42576
1.44219
1.41898
1.38083
1.46886
1.54002
1.47769
1.22367
1.20764
1.20178
1.11105
1.0624
1.06383
1.07098
1.07442
1.07365
1.03127
1.0221
1.01541
1.00699
1.02909
1.0444
1.0444
1.04458
1.05132
0.380046
0.367921
0.346066
0.345459
0.332132
0.322692
0.317532
0.334225
0.346206
0.354421
0.352941
0.372686
0.38105
0.377201
0.375919
0.3786
0.343642
0.352895
0.354068
0.34658
0.263141
0.219429
0.31057
0.295057
0.284203
0.380711
0.392038
0.386305
0.353171
0.707962
0.704798
0.706041
0.700912
0.760011
0.75691
0.78195
0.771509
0.785348
0.794282
0.793088
0.803789
0.786548
0.769714
0.77703
0.743431
0.740214
0.750195
0.745675
0.744774
0.745355
0.751579
0.779192
0.751475
0.723459
0.720322
0.732737
0.623079
0.617365
1.85267
1.87692
1.86727
1.87213
1.88906
1.91378
1.91104
1.88656
1.87628
1.8786
1.87889
1.87767
1.88244
1.9002
1.89751
1.89739
1.90027
1.90129
1.89356
1.88438
1.87672
1.87666
1.88379
1.88358
1.88312
1.88339
1.88383
1.88452
1.88497
0.469944
0.473821
0.483977
0.473901
0.470825
0.443176
0.446371
0.519273
0.538453
0.507446
0.580355
0.551293
0.493379
0.501585
0.478193
0.34298
0.34009
0.338327
0.341085
0.341085
0.367516
0.353875
0.38275
0.368803
0.368571
0.368571
0.367677
0.361476
0.384886
0.942118
0.938662
0.955646
0.952776
0.883355
0.891985
0.871712
0.9204
0.898251
0.874247
0.80456
0.801124
0.824272
0.849256
0.854301
0.864905
0.878197
0.901859
0.897574
0.892018
0.870471
0.86481
0.858705
0.856155
0.856251
0.841676
0.840967
0.669508
0.669508
0.338434
0.326173
0.317965
0.333641
0.325868
0.3442
0.316414
0.301569
0.340595
0.328355
0.344198
0.367348
0.335251
0.37632
0.383327
0.369709
0.37333
0.363045
0.361076
0.404862
0.403571
0.382278
0.377508
0.38517
0.386689
0.381708
0.381604
0.383162
0.380099
1.19091
1.18784
1.18201
1.15216
1.14217
1.15166
1.15282
1.18619
1.18376
1.16381
1.17353
1.18167
1.16636
1.16244
1.1659
1.18276
1.07191
1.07203
1.0665
1.05898
1.06304
1.06542
1.05523
1.05692
1.05715
1.05713
1.05103
1.05235
1.0517
